12_02_2018_12_03_13.jpg 45.45327270945405 18.601075237738275 3.0 None 
12_02_2018_12_04_43.jpg 46.09772228646444 26.076809620810597 5.385164807134504 6.4031242374328485 
12_02_2018_12_04_49.jpg 42.04759208325728 339.8602654032978 6.0 6.4031242374328485 
12_02_2018_12_04_53.jpg 48.104053883222775 352.51241112902676 4.242640687119285 6.4031242374328485 
12_02_2018_12_04_55.jpg 313.65108002364667 347.9109081359767 1.0 6.4031242374328485 
12_02_2018_12_04_57.jpg 268.15667062372324 373.6482302915404 2.23606797749979 6.4031242374328485 
12_02_2018_12_04_59.jpg 47.50789408087881 328.5437565987216 3.0 6.4031242374328485 
12_02_2018_12_05_01.jpg 46.861498055439924 330.5510550580651 5.0990195135927845 8.246211251235321 
12_02_2018_12_05_03.jpg 50.20956084253277 23.853720883753127 6.708203932499369 8.246211251235321 
12_02_2018_12_05_06.jpg 48.79549159502341 23.853720883753127 8.0 3.1622776601683795 
12_02_2018_12_05_08.jpg 48.16637831516918 23.853720883753127 6.082762530298219 4.47213595499958 
12_02_2018_12_06_42.jpg 48.104053883222775 23.853720883753127 1.4142135623730951 4.47213595499958 
12_02_2018_12_06_45.jpg 43.41658669218482 339.5585369269929 0.0 4.47213595499958 
12_02_2018_12_06_47.jpg 308.70698080866265 350.5253200554847 2.23606797749979 7.0 
12_02_2018_12_06_49.jpg 44.598206241955516 12.041594578792296 5.0990195135927845 7.280109889280518 
12_02_2018_12_06_51.jpg 94.42986815621421 333.29416436535456 2.23606797749979 6.0 
12_02_2018_12_06_52.jpg 309.7692689728921 284.9034924320866 5.0 6.0 
12_02_2018_12_06_53.jpg 44.68780594300866 7.0710678118654755 3.605551275463989 6.0 
12_02_2018_12_06_55.jpg 57.48912940721924 7.0710678118654755 5.385164807134504 6.0 
12_02_2018_12_06_56.jpg 45.967379738244816 330.53441575727027 2.8284271247461903 6.0 
12_02_2018_12_06_57.jpg 108.81176406988355 314.416920664267 5.0 6.0 
12_02_2018_12_06_58.jpg 40.36087214122113 314.416920664267 7.0 6.0 
12_02_2018_12_07_00.jpg 47.41307836451879 279.6140196771256 2.23606797749979 6.0 
12_02_2018_12_07_01.jpg 48.16637831516918 285.21220170252184 2.0 7.615773105863909 
12_02_2018_12_07_03.jpg 46.32493928760188 339.6498196672567 4.123105625617661 7.615773105863909 
12_02_2018_12_07_04.jpg 232.07972767995054 339.6498196672567 4.47213595499958 3.1622776601683795 
12_02_2018_12_07_06.jpg 48.83646178829912 352.1959681768092 1.4142135623730951 3.1622776601683795 
12_02_2018_12_07_08.jpg 51.22499389946279 342.47627655065395 6.0 3.1622776601683795 
12_02_2018_12_07_09.jpg 48.91829923454004 348.209706929603 5.385164807134504 2.0 
12_02_2018_12_07_21.jpg 23.021728866442675 156.0416611036937 2.0 8.602325267042627 
12_02_2018_12_07_23.jpg 26.92582403567252 156.0416611036937 7.615773105863909 8.602325267042627 
12_02_2018_12_07_25.jpg 21.93171219946131 3.605551275463989 5.830951894845301 4.242640687119285 
12_02_2018_12_07_28.jpg 108.2450922675019 10.295630140987 3.0 2.8284271247461903 
12_02_2018_12_07_31.jpg 31.906112267087632 50.99019513592785 7.211102550927978 6.082762530298219 
12_02_2018_12_07_33.jpg 104.80458005259122 60.876925020897694 5.0990195135927845 2.8284271247461903 
12_02_2018_12_07_36.jpg 29.0 156.236999459155 8.06225774829855 2.8284271247461903 
12_02_2018_12_07_38.jpg 108.67382389517726 19.026297590440446 3.1622776601683795 8.246211251235321 
12_02_2018_12_07_41.jpg 82.21921916437786 60.41522986797286 4.47213595499958 4.0 
12_02_2018_12_07_44.jpg 97.16480844420988 45.254833995939045 108.78419002777932 114.84337159801605 
12_02_2018_12_07_50.jpg 52.354560450833695 56.88585061331157 74.63243262818116 54.67174773134658 
12_02_2018_12_07_54.jpg 30.886890422961002 49.9799959983992 2.0 54.67174773134658 
12_02_2018_12_07_55.jpg 64.62197768561404 46.0 10.04987562112089 54.67174773134658 
12_02_2018_12_07_59.jpg 21.095023109728988 52.20153254455275 4.47213595499958 4.47213595499958 
12_02_2018_12_08_00.jpg 97.71898484941399 52.32590180780452 2.8284271247461903 4.47213595499958 
12_02_2018_12_08_02.jpg 50.21951811795888 50.96076922496363 3.1622776601683795 0.0 
12_02_2018_12_08_04.jpg 86.21484790916237 54.08326913195984 2.0 5.656854249492381 
12_02_2018_12_08_05.jpg 14.142135623730951 53.31041174104736 5.0990195135927845 1.4142135623730951 
12_02_2018_12_08_07.jpg 85.63293758829018 14.560219778561036 2.23606797749979 1.0 
12_02_2018_12_08_09.jpg 127.27922061357856 52.392747589718944 6.708203932499369 3.1622776601683795 
12_02_2018_12_08_10.jpg 84.20213774008353 51.478150704935004 2.23606797749979 3.1622776601683795 
12_02_2018_12_08_27.jpg 97.62171889492625 212.43822631532208 16.55294535724685 2.23606797749979 
12_02_2018_12_08_30.jpg 104.63746938836012 37.05401462729781 4.242640687119285 4.123105625617661 
12_02_2018_12_08_34.jpg 90.0 197.5854245636555 1.4142135623730951 1.4142135623730951 
12_02_2018_12_09_19.jpg 48.46648326421054 51.15662224971465 27.294688127912362 7.0 
12_02_2018_12_09_30.jpg 62.96824596572466 43.104524124504614 3.1622776601683795 7.0 
12_02_2018_12_09_36.jpg 99.48869282486326 29.068883707497267 17.69180601295413 7.0 
12_02_2018_12_11_34.jpg 195.2434377898525 15.132745950421556 7.615773105863909 5.0 
12_02_2018_12_11_37.jpg 52.354560450833695 13.601470508735444 2.23606797749979 5.0 
12_02_2018_12_11_39.jpg 59.0592922409336 13.038404810405298 10.04987562112089 4.123105625617661 
12_02_2018_12_11_43.jpg 344.7100230628637 11.045361017187261 4.123105625617661 4.123105625617661 
12_02_2018_12_11_46.jpg 50.93132631298737 23.08679276123039 2.8284271247461903 4.123105625617661 
12_02_2018_12_11_49.jpg 82.29216244576394 21.37755832643195 2.8284271247461903 4.123105625617661 
12_02_2018_12_11_53.jpg 33.06055050963308 10.0 7.810249675906654 4.123105625617661 
12_02_2018_12_11_57.jpg 47.16990566028302 13.892443989449804 12.165525060596439 4.123105625617661 
12_02_2018_12_11_58.jpg 31.11269837220809 14.317821063276353 5.385164807134504 4.123105625617661 
12_02_2018_12_11_59.jpg 348.2326808328018 374.7599231508086 2.8284271247461903 5.656854249492381 
12_02_2018_12_12_01.jpg 341.9897659287482 375.40644640176333 9.0 5.656854249492381 
12_02_2018_12_12_02.jpg 48.010415536631214 16.1245154965971 8.602325267042627 5.656854249492381 
12_02_2018_12_12_03.jpg 85.72630868059116 13.601470508735444 6.082762530298219 4.242640687119285 
12_02_2018_12_12_04.jpg 60.0 10.04987562112089 5.0 0.0 
12_02_2018_12_12_06.jpg 60.53924347066124 17.0 4.47213595499958 2.8284271247461903 
12_02_2018_12_12_48.jpg 18.24828759089466 95.13148795220224 6.082762530298219 2.8284271247461903 
12_02_2018_12_12_51.jpg 55.226805085936306 15.132745950421556 7.810249675906654 2.8284271247461903 
12_02_2018_12_12_53.jpg 72.24956747275377 13.341664064126334 3.605551275463989 2.8284271247461903 
12_02_2018_12_12_54.jpg 206.7075228432676 165.8010856418015 4.123105625617661 2.8284271247461903 
12_02_2018_12_12_56.jpg 18.384776310850235 18.110770276274835 3.605551275463989 2.8284271247461903 
12_02_2018_12_12_58.jpg 97.3498844375277 22.20360331117452 3.605551275463989 2.8284271247461903 
12_02_2018_12_13_00.jpg 42.04759208325728 25.495097567963924 3.605551275463989 2.8284271247461903 
12_02_2018_12_13_02.jpg 204.91949638821583 163.11039206623224 3.605551275463989 2.8284271247461903 
12_02_2018_12_13_03.jpg 38.600518131237564 7.280109889280518 60.60528029800704 50.24937810560445 
12_02_2018_12_13_05.jpg 58.82176467941097 23.769728648009426 5.656854249492381 50.24937810560445 
12_02_2018_12_13_07.jpg 41.036569057366385 19.924858845171276 4.123105625617661 2.23606797749979 
12_02_2018_12_13_08.jpg 261.457453517776 19.1049731745428 4.123105625617661 2.23606797749979 
12_02_2018_12_13_10.jpg 50.44799302251776 90.78546139112804 59.682493245507096 56.938563381947034 
12_02_2018_12_13_11.jpg 66.40030120413611 11.0 7.211102550927978 2.8284271247461903 
12_02_2018_12_13_12.jpg 191.73158320944412 13.152946437965905 68.01470429252781 57.38466694161429 
12_02_2018_12_13_20.jpg 55.08175741568164 97.12878049270464 5.830951894845301 57.38466694161429 
12_02_2018_12_13_24.jpg 14.317821063276353 255.41534801182172 56.85068161420758 63.7808748764079 
12_02_2018_12_13_29.jpg 266.8220380703213 242.83533515532702 7.280109889280518 63.7808748764079 
12_02_2018_12_13_34.jpg 307.54674441456865 62.96824596572466 7.280109889280518 63.7808748764079 
12_02_2018_12_13_39.jpg 164.62381358722072 62.96824596572466 7.280109889280518 63.7808748764079 
12_02_2018_12_13_43.jpg 12.649110640673518 15.811388300841896 2.23606797749979 63.7808748764079 
12_02_2018_12_13_48.jpg 56.04462507680822 147.02720836634285 5.830951894845301 63.7808748764079 
12_02_2018_12_13_53.jpg 140.13208055259867 148.92279879185725 3.0 6.0 
12_02_2018_12_14_01.jpg 24.351591323771842 297.85902705810344 3.0 6.0 
12_02_2018_12_14_06.jpg 53.45091205957107 171.60710940983768 1.4142135623730951 6.0 
12_02_2018_12_14_11.jpg 25.495097567963924 156.60459763365824 4.47213595499958 136.31214179228496 
12_02_2018_12_14_13.jpg 148.51935900750448 156.60459763365824 4.47213595499958 136.31214179228496 
12_02_2018_12_14_17.jpg 28.0178514522438 260.69330639661615 2.23606797749979 136.31214179228496 
12_02_2018_12_14_19.jpg 32.526911934581186 259.1138745802702 6.082762530298219 136.31214179228496 
12_02_2018_12_16_39.jpg 21.213203435596427 206.00970850908945 4.47213595499958 136.31214179228496 
12_02_2018_12_16_42.jpg 144.40221604947757 198.01010075246163 7.615773105863909 136.31214179228496 
12_02_2018_12_16_43.jpg 143.05593311708537 200.32473636573192 7.615773105863909 136.31214179228496 
12_02_2018_12_16_45.jpg 166.02710622064097 184.83506160899236 3.605551275463989 136.31214179228496 
12_02_2018_12_16_47.jpg 161.48374531202822 193.65174928205528 0.0 136.31214179228496 
12_02_2018_12_16_48.jpg 164.97575579460153 177.9016582272352 4.123105625617661 136.31214179228496 
12_02_2018_12_16_50.jpg 37.656340767525464 182.4828759089466 4.242640687119285 136.31214179228496 
12_02_2018_12_16_52.jpg 38.948684188300895 181.22085972646747 5.830951894845301 136.31214179228496 
12_02_2018_12_16_54.jpg 158.826949854236 199.52944644838766 380.5220098759072 200.10497245196083 
12_02_2018_12_16_56.jpg 157.47063218263906 196.32880583347927 380.5220098759072 200.10497245196083 
12_02_2018_12_16_58.jpg 53.33854141237835 202.03960007879644 2.23606797749979 200.10497245196083 
12_02_2018_12_17_18.jpg 51.24451190127583 141.40014144264495 10.295630140987 200.10497245196083 
12_02_2018_12_17_21.jpg 137.10215169719257 136.5283853270081 8.06225774829855 15.231546211727817 
12_02_2018_12_17_31.jpg 165.1575005865613 148.52945835759317 6.708203932499369 15.231546211727817 
12_02_2018_12_17_33.jpg 141.38246001537814 157.1146078504478 1.4142135623730951 15.231546211727817 
12_02_2018_12_17_35.jpg 205.7668583615933 142.21462653327893 61.91122676865643 73.53910524340094 
12_02_2018_12_17_37.jpg 65.76473218982953 155.65346125287417 10.44030650891055 73.53910524340094 
12_02_2018_12_17_38.jpg 255.86129054626454 114.0175425099138 2.23606797749979 11.661903789690601 
12_02_2018_12_17_40.jpg 124.72369462135092 160.01562423713506 4.0 11.661903789690601 
12_02_2018_12_17_42.jpg 137.7679207943562 136.88316185711082 59.16924876994806 63.694583757176716 
12_02_2018_12_17_44.jpg 141.90489773083945 174.42763542512407 4.123105625617661 63.694583757176716 
12_02_2018_12_17_46.jpg 168.66831356244717 147.41099009232656 10.04987562112089 13.0 
frame0.jpg 17.08800749063506 265.7084868798887 2.23606797749979 13.0 
frame10.jpg 21.095023109728988 419.2195129046357 3.0 13.0 
frame100.jpg 19.209372712298546 276.34217919094436 6.082762530298219 13.0 
frame102.jpg 19.849433241279208 289.0069203323685 6.4031242374328485 13.0 
frame104.jpg 24.758836806279895 289.0069203323685 8.246211251235321 13.0 
frame106.jpg 21.95449840010015 288.38342532122056 5.0 13.0 
frame108.jpg 22.47220505424423 179.98055450520204 8.06225774829855 13.0 
frame110.jpg 21.095023109728988 171.84004189943624 5.0 13.0 
frame112.jpg 61.84658438426491 264.6998299961675 6.0 13.0 
frame114.jpg 16.55294535724685 265.24328455212583 2.8284271247461903 13.0 
frame116.jpg 22.135943621178654 177.53872816937718 5.385164807134504 13.0 
frame118.jpg 18.384776310850235 265.04716561397146 2.23606797749979 13.0 
frame12.jpg 19.72308292331602 422.5825363168715 9.219544457292887 13.0 
frame120.jpg 16.76305461424021 261.8854711510358 3.605551275463989 13.0 
frame122.jpg 21.840329667841555 296.096268129134 3.1622776601683795 13.0 
frame124.jpg 23.08679276123039 184.74306482247175 1.4142135623730951 13.0 
frame126.jpg 20.8806130178211 180.06943105369106 2.23606797749979 13.0 
frame128.jpg 23.08679276123039 260.06922155457 2.23606797749979 13.0 
frame130.jpg 25.298221281347036 303.1913587159106 4.123105625617661 13.0 
frame132.jpg 22.847319317591726 289.91895419237426 4.123105625617661 13.0 
frame134.jpg 21.470910553583888 275.40878707840824 3.605551275463989 13.0 
frame136.jpg 20.8806130178211 295.1779124528121 4.123105625617661 13.0 
frame138.jpg 25.298221281347036 259.6247291765559 2.0 9.219544457292887 
frame14.jpg 17.46424919657298 444.81456810675616 3.605551275463989 9.219544457292887 
frame140.jpg 24.041630560342615 343.7513636336589 1.4142135623730951 9.219544457292887 
frame142.jpg 35.510561809129406 262.56046922566236 4.47213595499958 9.219544457292887 
frame144.jpg 25.298221281347036 258.5207922005501 2.8284271247461903 9.219544457292887 
frame146.jpg 28.160255680657446 307.9366818032564 2.0 9.219544457292887 
frame148.jpg 24.596747752497688 325.17072438951203 6.324555320336759 9.219544457292887 
frame150.jpg 26.419689627245813 326.7919827657955 2.8284271247461903 9.219544457292887 
frame152.jpg 28.30194339616981 265.84393918237066 3.0 9.219544457292887 
frame154.jpg 27.313000567495326 265.68590478232 1.0 9.219544457292887 
frame156.jpg 30.463092423455635 231.78006816808042 3.1622776601683795 9.219544457292887 
frame158.jpg 28.231188426986208 235.8495283014151 3.0 9.219544457292887 
frame16.jpg 20.248456731316587 450.58406540844294 6.324555320336759 9.219544457292887 
frame160.jpg 27.313000567495326 337.7528682335651 2.8284271247461903 9.219544457292887 
frame162.jpg 27.85677655436824 329.548175537356 5.0 9.219544457292887 
frame164.jpg 31.78049716414141 270.9852394504173 1.4142135623730951 9.219544457292887 
frame166.jpg 29.966648127543394 351.370175171428 5.0 9.219544457292887 
frame168.jpg 26.40075756488817 36.796738985948195 7.211102550927978 9.219544457292887 
frame170.jpg 28.231188426986208 280.67953256338444 2.23606797749979 9.219544457292887 
frame172.jpg 30.528675044947494 361.76511716858494 1.4142135623730951 9.219544457292887 
frame174.jpg 25.942243542145693 321.74057872764513 2.0 9.219544457292887 
frame176.jpg 26.0 324.6921619010844 2.23606797749979 9.219544457292887 
frame178.jpg 24.698178070456937 297.63400343374747 2.23606797749979 9.219544457292887 
frame18.jpg 23.08679276123039 447.4203839790941 3.605551275463989 9.219544457292887 
frame180.jpg 23.853720883753127 378.25123925771874 4.47213595499958 9.219544457292887 
frame182.jpg 24.20743687382041 306.5566831762113 4.242640687119285 9.219544457292887 
frame184.jpg 22.67156809750927 303.29028998634294 4.123105625617661 9.219544457292887 
frame186.jpg 21.95449840010015 318.15247916682966 5.0 9.219544457292887 
frame188.jpg 22.20360331117452 389.34432062122085 2.8284271247461903 9.219544457292887 
frame190.jpg 20.808652046684813 360.49965325919527 2.23606797749979 9.219544457292887 
frame192.jpg 18.601075237738275 319.0141062711804 3.0 9.219544457292887 
frame194.jpg 23.430749027719962 319.9156138734088 4.242640687119285 9.219544457292887 
frame196.jpg 19.1049731745428 395.60080889704966 9.433981132056603 9.219544457292887 
frame198.jpg 17.029386365926403 323.18725222384626 10.295630140987 9.219544457292887 
frame2.jpg 15.652475842498529 444.49521932187304 4.47213595499958 9.219544457292887 
frame20.jpg 79.2464510246358 464.6170466093555 9.055385138137417 9.219544457292887 
frame200.jpg 28.178005607210743 374.8132868509333 7.615773105863909 9.219544457292887 
frame202.jpg 17.804493814764857 404.6455238847947 10.816653826391969 9.219544457292887 
frame204.jpg 16.278820596099706 296.7237772744207 8.602325267042627 9.219544457292887 
frame206.jpg 15.0 342.24260401066374 9.219544457292887 9.219544457292887 
frame208.jpg 21.470910553583888 338.178946713127 8.48528137423857 9.219544457292887 
frame210.jpg 18.439088914585774 342.8541964159109 5.830951894845301 9.219544457292887 
frame212.jpg 19.849433241279208 414.5419158541148 7.211102550927978 9.219544457292887 
frame214.jpg 23.021728866442675 420.46165104560964 8.06225774829855 9.219544457292887 
frame216.jpg 25.059928172283335 411.1265012134343 7.615773105863909 9.219544457292887 
frame218.jpg 20.808652046684813 344.50108853238766 1.4142135623730951 9.219544457292887 
frame22.jpg 72.06247289678588 335.17905662496275 5.830951894845301 9.219544457292887 
frame220.jpg 25.80697580112788 424.72814834903517 1.4142135623730951 9.219544457292887 
frame222.jpg 30.479501308256342 426.5512864826456 3.1622776601683795 9.219544457292887 
frame224.jpg 25.0 36.87817782917155 1.0 9.219544457292887 
frame226.jpg 30.0 421.80801320031844 1.0 9.219544457292887 
frame228.jpg 28.42534080710379 32.64965543462902 2.0 9.219544457292887 
frame230.jpg 26.248809496813376 413.2952939485278 1.0 9.219544457292887 
frame232.jpg 25.942243542145693 362.74095440134687 5.0 9.219544457292887 
frame234.jpg 28.0178514522438 27.730849247724095 3.605551275463989 9.219544457292887 
frame236.jpg 25.612496949731394 415.46359647988413 1.4142135623730951 9.219544457292887 
frame238.jpg 25.495097567963924 369.92566820916875 0.0 9.219544457292887 
frame24.jpg 43.68065933568311 453.61657818029533 3.605551275463989 9.219544457292887 
frame240.jpg 27.784887978899608 370.4375790872195 3.605551275463989 9.219544457292887 
frame242.jpg 25.612496949731394 372.6674120445736 0.0 5.0 
frame244.jpg 17.804493814764857 416.50930361757827 5.385164807134504 5.0 
frame246.jpg 26.40075756488817 423.30603586530634 2.0 5.0990195135927845 
frame248.jpg 17.0 425.0647009573954 5.0990195135927845 5.0990195135927845 
frame250.jpg 27.65863337187866 428.1681912519892 3.1622776601683795 5.0990195135927845 
frame252.jpg 27.65863337187866 429.4147179592241 0.0 5.0990195135927845 
frame254.jpg 23.600847442411894 429.6614946676046 3.1622776601683795 3.605551275463989 
frame256.jpg 34.40930106817051 428.79598878720867 5.0 3.605551275463989 
frame258.jpg 31.064449134018133 429.26099287030496 2.23606797749979 3.605551275463989 
frame26.jpg 74.33034373659252 462.73102338183463 6.0 3.605551275463989 
frame260.jpg 25.45584412271571 424.1238026803023 1.0 3.605551275463989 
frame262.jpg 31.144823004794873 430.4811261832509 5.385164807134504 3.605551275463989 
frame264.jpg 28.42534080710379 428.58488074125995 1.0 3.605551275463989 
frame266.jpg 27.586228448267445 425.37747942268874 4.123105625617661 3.605551275463989 
frame268.jpg 24.758836806279895 430.2673587433748 3.0 5.830951894845301 
frame270.jpg 27.018512172212592 426.3074008271496 6.4031242374328485 5.830951894845301 
frame272.jpg 28.42534080710379 426.5688690000713 6.0 5.830951894845301 
frame274.jpg 28.30194339616981 425.738182454898 3.1622776601683795 2.23606797749979 
frame276.jpg 28.178005607210743 426.2980178232125 4.47213595499958 2.23606797749979 
frame278.jpg 27.294688127912362 424.9094021082612 4.0 2.23606797749979 
frame28.jpg 21.02379604162864 326.5348373451139 5.0 2.23606797749979 
frame280.jpg 29.068883707497267 416.60652899348565 3.605551275463989 2.23606797749979 
frame282.jpg 25.553864678361276 419.64866257382494 3.1622776601683795 2.23606797749979 
frame284.jpg 27.51363298439521 412.81109481214287 5.0 2.23606797749979 
frame286.jpg 31.016124838541646 412.56878214426257 6.4031242374328485 2.23606797749979 
frame288.jpg 28.653097563788805 412.45605826560484 6.082762530298219 2.23606797749979 
frame290.jpg 28.160255680657446 410.1219330881976 3.605551275463989 14.212670403551895 
frame292.jpg 26.92582403567252 331.409112729267 4.47213595499958 14.212670403551895 
frame294.jpg 29.410882339705484 398.02009999496255 4.123105625617661 14.212670403551895 
frame296.jpg 27.313000567495326 403.8031698736403 1.0 14.212670403551895 
frame298.jpg 24.166091947189145 402.0012437791704 2.23606797749979 14.212670403551895 
frame30.jpg 18.867962264113206 235.84104816592043 8.94427190999916 14.212670403551895 
frame300.jpg 26.248809496813376 401.20319041602846 4.123105625617661 14.212670403551895 
frame302.jpg 25.632011235952593 385.91449830240896 2.23606797749979 14.212670403551895 
frame304.jpg 25.709920264364882 390.2166065148945 3.0 14.212670403551895 
frame306.jpg 24.351591323771842 382.97388944939837 2.23606797749979 8.06225774829855 
frame308.jpg 25.632011235952593 383.59483833857826 5.385164807134504 8.06225774829855 
frame310.jpg 25.553864678361276 384.0637967838156 2.8284271247461903 8.06225774829855 
frame312.jpg 73.54590403278758 387.48677396783495 2.23606797749979 8.06225774829855 
frame314.jpg 23.345235059857504 382.7819222481647 7.0 8.06225774829855 
frame316.jpg 18.788294228055936 379.969735636932 3.605551275463989 8.06225774829855 
frame318.jpg 16.401219466856727 377.068959210381 9.219544457292887 8.06225774829855 
frame32.jpg 14.7648230602334 322.29955010828047 7.0710678118654755 8.06225774829855 
frame320.jpg 19.924858845171276 371.43640101637857 4.47213595499958 8.06225774829855 
frame322.jpg 39.293765408777 368.7560169000636 6.082762530298219 8.06225774829855 
frame324.jpg 23.53720459187964 372.5922704512266 7.0710678118654755 8.06225774829855 
frame326.jpg 39.56008088970496 373.03753162383003 1.4142135623730951 8.06225774829855 
frame328.jpg 12.041594578792296 370.1351104664349 2.23606797749979 8.06225774829855 
frame330.jpg 38.07886552931954 359.5622338344226 6.0 8.06225774829855 
frame332.jpg 15.231546211727817 357.2897983430257 3.1622776601683795 8.06225774829855 
frame334.jpg 38.948684188300895 352.20590568586437 2.8284271247461903 8.06225774829855 
frame336.jpg 17.08800749063506 363.68392870733237 4.123105625617661 8.06225774829855 
frame338.jpg 43.60045871318328 241.0082986123092 4.0 8.06225774829855 
frame34.jpg 13.92838827718412 226.77080940897133 4.242640687119285 8.06225774829855 
frame340.jpg 13.92838827718412 347.1310991541956 6.0 8.06225774829855 
frame342.jpg 13.601470508735444 357.7373338079211 4.0 8.06225774829855 
frame344.jpg 45.967379738244816 254.03149411047443 10.0 8.06225774829855 
frame346.jpg 20.808652046684813 351.25631666918105 8.94427190999916 8.06225774829855 
frame348.jpg 21.02379604162864 333.51611655210905 3.605551275463989 8.06225774829855 
frame350.jpg 17.204650534085253 329.2795165205391 6.0 8.06225774829855 
frame352.jpg 11.704699910719626 203.49447166937975 2.0 8.06225774829855 
frame354.jpg 13.601470508735444 326.8103425535979 5.830951894845301 8.06225774829855 
frame356.jpg 15.652475842498529 202.18061232472317 5.0 8.06225774829855 
frame358.jpg 14.866068747318506 322.38641410580567 2.23606797749979 8.06225774829855 
frame36.jpg 13.038404810405298 459.10891953870816 4.47213595499958 8.06225774829855 
frame38.jpg 13.0 222.08106627986098 3.605551275463989 8.06225774829855 
frame4.jpg 25.298221281347036 446.8612760130374 8.0 10.0 
frame40.jpg 16.278820596099706 461.0878441251732 9.055385138137417 10.0 
frame42.jpg 17.88854381999832 357.1512284733177 9.219544457292887 10.0 
frame44.jpg 15.231546211727817 353.60005656108143 3.605551275463989 10.0 
frame46.jpg 48.27007354458868 479.6269383593878 3.1622776601683795 10.0 
frame48.jpg 50.20956084253277 205.24375751773792 5.656854249492381 10.0 
frame50.jpg 16.55294535724685 342.81190177705327 3.0 10.0 
frame52.jpg 13.416407864998739 322.6840560052511 4.47213595499958 10.0 
frame54.jpg 15.556349186104045 336.7565886512096 5.0 10.0 
frame56.jpg 14.317821063276353 293.08360581922693 4.47213595499958 10.0 
frame58.jpg 12.041594578792296 286.0209782515961 8.0 5.0990195135927845 
frame6.jpg 19.72308292331602 374.73323845103465 3.1622776601683795 5.0990195135927845 
frame60.jpg 11.704699910719626 332.28000240760804 3.605551275463989 5.0990195135927845 
frame62.jpg 13.038404810405298 329.78932669205653 5.0 5.0990195135927845 
frame64.jpg 10.63014581273465 311.1334118991401 4.123105625617661 5.0990195135927845 
frame66.jpg 10.63014581273465 446.3104300820226 5.0990195135927845 5.0990195135927845 
frame68.jpg 12.041594578792296 189.99473676920633 7.280109889280518 5.0990195135927845 
frame70.jpg 14.866068747318506 185.29975715040752 8.06225774829855 5.0990195135927845 
frame72.jpg 14.866068747318506 316.36213427020624 10.0 5.0990195135927845 
frame74.jpg 15.652475842498529 302.4169307429728 5.0990195135927845 5.0990195135927845 
frame76.jpg 18.384776310850235 309.1148653817865 7.615773105863909 5.0990195135927845 
frame78.jpg 15.264337522473747 307.33206796558017 9.055385138137417 5.0990195135927845 
frame8.jpg 20.591260281974 427.7873303406729 1.0 5.0990195135927845 
frame80.jpg 15.264337522473747 290.0431002454635 8.06225774829855 5.0990195135927845 
frame82.jpg 21.18962010041709 306.33968074671617 5.0 5.0990195135927845 
frame84.jpg 17.46424919657298 217.9954127957742 5.385164807134504 5.0990195135927845 
frame86.jpg 17.0 148.95972610071487 2.0 5.0990195135927845 
frame88.jpg 20.248456731316587 294.3891981714003 7.0710678118654755 5.0990195135927845 
frame90.jpg 17.69180601295413 293.2047066470796 4.47213595499958 5.0990195135927845 
frame92.jpg 15.264337522473747 168.7601848778319 2.23606797749979 5.0990195135927845 
frame94.jpg 20.518284528683193 156.01602481796542 7.0710678118654755 5.0990195135927845 
frame96.jpg 15.264337522473747 291.0755915565577 2.23606797749979 5.0990195135927845 
frame98.jpg 15.811388300841896 282.1240861748603 3.0 5.0990195135927845 
frameColor0.jpg 31.76476034853718 245.5442933566162 7.810249675906654 5.0990195135927845 
frameColor10.jpg 36.05551275463989 290.25850547399983 6.0 5.0990195135927845 
frameColor100.jpg 45.79301256742124 373.5906851087163 3.1622776601683795 5.0990195135927845 
frameColor102.jpg 46.87216658103186 373.3630940518894 6.0 5.0990195135927845 
frameColor104.jpg 113.99122773266372 134.35028842544403 4.47213595499958 5.0990195135927845 
frameColor106.jpg 162.04937519163718 154.719100307622 5.385164807134504 5.0990195135927845 
frameColor108.jpg 145.46477236774544 352.23855552735847 6.708203932499369 5.0990195135927845 
frameColor110.jpg 126.53062870309307 123.98790263570072 7.810249675906654 5.0990195135927845 
frameColor112.jpg 45.0 185.69868066305693 4.47213595499958 5.0990195135927845 
frameColor114.jpg 435.09194430602827 187.97074240423694 1.4142135623730951 5.0990195135927845 
frameColor116.jpg 107.62899237658968 356.2035934686791 3.0 5.0990195135927845 
frameColor118.jpg 41.72529209005013 118.06777714516353 5.385164807134504 5.0990195135927845 
frameColor12.jpg 31.400636936215164 286.9233347080715 6.4031242374328485 5.0990195135927845 
frameColor120.jpg 132.85330255586422 133.33041663476493 3.0 5.0990195135927845 
frameColor122.jpg 92.35799911215054 348.3231258472512 2.23606797749979 5.0990195135927845 
frameColor124.jpg 104.70912090166739 373.48360071092816 3.1622776601683795 5.0990195135927845 
frameColor126.jpg 40.496913462633174 367.70776439993756 2.0 5.0990195135927845 
frameColor128.jpg 75.47184905645283 372.9785516621566 2.23606797749979 5.0990195135927845 
frameColor130.jpg 23.08679276123039 379.23739267113416 1.4142135623730951 5.0990195135927845 
frameColor132.jpg 148.32734070291963 97.67292357659824 2.23606797749979 5.0990195135927845 
frameColor134.jpg 433.7199557318063 383.29362113137233 3.605551275463989 5.0990195135927845 
frameColor136.jpg 432.70890908323116 379.2888081660201 2.8284271247461903 5.0990195135927845 
frameColor138.jpg 135.19245541079576 199.21094347449892 1.4142135623730951 5.0990195135927845 
frameColor14.jpg 33.015148038438355 439.4234859449367 7.0710678118654755 5.0990195135927845 
frameColor140.jpg 31.064449134018133 370.44837697039515 4.123105625617661 5.0990195135927845 
frameColor142.jpg 138.23530663329106 387.25314717894804 5.0 5.0990195135927845 
frameColor144.jpg 326.01380338875225 78.00640999302557 3.1622776601683795 5.0990195135927845 
frameColor146.jpg 329.56031314465037 75.92759709091287 5.0 5.0990195135927845 
frameColor148.jpg 330.34678748248785 150.42606157179014 3.0 5.0990195135927845 
frameColor150.jpg 30.0 372.4298591681392 6.082762530298219 5.0990195135927845 
frameColor152.jpg 30.01666203960727 401.3103537164223 2.8284271247461903 5.0990195135927845 
frameColor154.jpg 29.017236257093817 412.0594617285229 3.605551275463989 5.0990195135927845 
frameColor156.jpg 29.154759474226502 157.54681843820268 2.23606797749979 5.0990195135927845 
frameColor158.jpg 28.442925306655784 43.68065933568311 4.0 5.0990195135927845 
frameColor16.jpg 339.423039877967 439.1856099646253 3.0 5.0990195135927845 
frameColor160.jpg 124.39051410778879 150.33296378372907 1.4142135623730951 5.0990195135927845 
frameColor162.jpg 30.4138126514911 225.523834660552 2.23606797749979 5.0990195135927845 
frameColor164.jpg 31.25699921617557 229.26840166058645 3.1622776601683795 5.0990195135927845 
frameColor166.jpg 135.56548233234005 156.0833110873805 0.0 5.0990195135927845 
frameColor168.jpg 131.03434664239754 161.07451691686057 2.0 5.0990195135927845 
frameColor170.jpg 457.0787678289159 437.52485643675146 1.0 5.0990195135927845 
frameColor172.jpg 137.32079230764728 429.88486830778305 1.4142135623730951 5.0990195135927845 
frameColor174.jpg 143.1258187749506 445.9293666041742 2.0 5.0990195135927845 
frameColor176.jpg 131.94695904036593 433.7971876349592 2.0 5.0990195135927845 
frameColor178.jpg 29.5296461204668 134.16407864998737 4.47213595499958 5.0990195135927845 
frameColor18.jpg 343.7397271192261 449.1603277227409 6.0 5.0990195135927845 
frameColor180.jpg 142.6954799564443 412.9225108903606 2.0 5.0990195135927845 
frameColor182.jpg 143.55835050598765 430.84684053617013 1.0 5.0990195135927845 
frameColor184.jpg 139.5313584826006 435.84974475155997 3.1622776601683795 5.0990195135927845 
frameColor186.jpg 145.79437574886077 464.4491360741238 1.4142135623730951 5.0990195135927845 
frameColor188.jpg 143.65583872575453 266.47513955339247 3.605551275463989 5.0990195135927845 
frameColor190.jpg 29.0 457.36856035368237 5.0 5.0990195135927845 
frameColor192.jpg 461.7813335335243 435.1781244502072 2.8284271247461903 5.0990195135927845 
frameColor194.jpg 32.449961479175904 452.76925690687085 5.385164807134504 5.0990195135927845 
frameColor196.jpg 31.622776601683793 463.69925598387584 0.0 5.0990195135927845 
frameColor198.jpg 126.4792473095883 205.0 4.242640687119285 5.0990195135927845 
frameColor2.jpg 33.54101966249684 444.326456560939 2.8284271247461903 5.0990195135927845 
frameColor20.jpg 35.4682957019364 423.56227405188014 6.0 5.0990195135927845 
frameColor200.jpg 137.55726080436466 461.28624518838626 4.0 5.0990195135927845 
frameColor202.jpg 118.2285921425101 481.54023715573345 2.23606797749979 5.0990195135927845 
frameColor204.jpg 125.92458060283545 494.5401904800054 6.0 5.0990195135927845 
frameColor206.jpg 99.56907150315303 480.45915539200627 7.0710678118654755 5.0990195135927845 
frameColor208.jpg 97.41663102366043 218.65269264292172 8.0 5.0990195135927845 
frameColor210.jpg 106.4048871058092 290.25850547399983 5.0 5.0990195135927845 
frameColor212.jpg 342.42663447810247 457.62539265211234 4.242640687119285 5.0990195135927845 
frameColor214.jpg 126.24579200908045 298.2968320314515 3.605551275463989 5.0990195135927845 
frameColor216.jpg 103.81233067415451 482.33598248523816 2.0 5.0990195135927845 
frameColor218.jpg 125.92458060283545 223.23306206742762 4.47213595499958 5.0990195135927845 
frameColor22.jpg 35.4682957019364 410.4631530356897 5.0990195135927845 5.0990195135927845 
frameColor220.jpg 119.6202324023825 466.00429182572987 5.385164807134504 5.0990195135927845 
frameColor222.jpg 103.00485425454472 473.66021576653446 6.708203932499369 5.0990195135927845 
frameColor224.jpg 114.47707194019246 235.2126697267815 3.0 5.0990195135927845 
frameColor226.jpg 102.39628899525607 475.8361062382719 3.0 5.0990195135927845 
frameColor228.jpg 99.4786409235671 474.4944678286566 2.23606797749979 5.0990195135927845 
frameColor230.jpg 118.44407963254221 178.46568297574746 2.8284271247461903 5.0990195135927845 
frameColor232.jpg 339.4377704381173 484.33253039621445 3.1622776601683795 5.0990195135927845 
frameColor234.jpg 93.62157870918435 461.9437195157003 1.0 5.0990195135927845 
frameColor236.jpg 159.89058759038946 479.4882688867372 1.4142135623730951 5.0990195135927845 
frameColor238.jpg 51.0 469.83507744739535 3.0 5.0990195135927845 
frameColor24.jpg 47.12748667179272 273.77545543748073 4.47213595499958 5.0990195135927845 
frameColor240.jpg 48.104053883222775 485.8240422210494 1.4142135623730951 5.0990195135927845 
frameColor242.jpg 50.695167422546305 465.0086020709725 3.605551275463989 5.0990195135927845 
frameColor244.jpg 52.49761899362675 459.31470692761405 3.1622776601683795 5.0990195135927845 
frameColor246.jpg 50.695167422546305 306.4930668057599 5.656854249492381 5.0990195135927845 
frameColor248.jpg 54.08326913195984 307.3044093403152 4.123105625617661 5.0990195135927845 
frameColor250.jpg 53.14132102234569 482.3712263392169 8.06225774829855 5.0990195135927845 
frameColor252.jpg 56.32051136131489 494.8989795907848 2.8284271247461903 5.0990195135927845 
frameColor254.jpg 90.07774419910837 506.54614794705526 2.0 5.0990195135927845 
frameColor256.jpg 464.51049503751796 313.86939959161356 6.4031242374328485 5.0990195135927845 
frameColor258.jpg 479.7040754465194 482.444815497068 3.605551275463989 5.0990195135927845 
frameColor26.jpg 45.880278987817846 413.73421420037283 4.123105625617661 5.0990195135927845 
frameColor260.jpg 56.515484603779164 470.00425529988553 6.4031242374328485 5.0990195135927845 
frameColor262.jpg 55.54277630799526 313.29219588109754 5.656854249492381 5.0990195135927845 
frameColor264.jpg 56.515484603779164 313.8184188348415 5.830951894845301 5.0990195135927845 
frameColor266.jpg 51.78802950489621 493.24436134638177 8.602325267042627 5.0990195135927845 
frameColor268.jpg 56.089214649520635 480.285331860135 5.830951894845301 5.0990195135927845 
frameColor270.jpg 454.6570135827666 465.02150487907545 5.0990195135927845 5.0990195135927845 
frameColor272.jpg 76.84399781375251 483.70652259402084 5.385164807134504 5.0990195135927845 
frameColor274.jpg 29.546573405388315 465.7778440415559 3.605551275463989 5.0990195135927845 
frameColor276.jpg 37.0 465.3869357856965 2.23606797749979 5.0990195135927845 
frameColor278.jpg 35.17101079013795 489.532429977831 7.280109889280518 5.0990195135927845 
frameColor28.jpg 45.5411901469428 424.09904503547284 4.123105625617661 5.0990195135927845 
frameColor280.jpg 32.64965543462902 458.3284848228397 9.848857801796104 5.0990195135927845 
frameColor282.jpg 28.653097563788805 316.3953223421611 5.0 5.0990195135927845 
frameColor284.jpg 50.32891812864648 312.06569821112987 6.708203932499369 5.0990195135927845 
frameColor286.jpg 48.46648326421054 315.9905061864992 2.8284271247461903 5.0990195135927845 
frameColor288.jpg 340.3307215048327 450.58184606129 2.0 5.0990195135927845 
frameColor290.jpg 35.510561809129406 287.80027797067885 5.385164807134504 5.0990195135927845 
frameColor292.jpg 469.22063040748753 478.48092960953 2.0 5.0990195135927845 
frameColor294.jpg 28.231188426986208 261.69638897011936 5.656854249492381 5.0990195135927845 
frameColor296.jpg 27.65863337187866 477.08489810514857 2.8284271247461903 5.0990195135927845 
frameColor298.jpg 16.278820596099706 436.3312961500699 4.47213595499958 5.0990195135927845 
frameColor30.jpg 35.38361202590826 413.8755851702296 4.47213595499958 5.0990195135927845 
frameColor300.jpg 45.967379738244816 296.42030969554025 7.211102550927978 5.0990195135927845 
frameColor302.jpg 14.422205101855956 297.8808486626826 8.94427190999916 5.0990195135927845 
frameColor304.jpg 37.107950630558946 431.9560162794356 5.385164807134504 5.0990195135927845 
frameColor306.jpg 35.510561809129406 298.563226134767 5.0 5.0990195135927845 
frameColor308.jpg 38.07886552931954 447.286261805569 5.385164807134504 5.0990195135927845 
frameColor310.jpg 35.84689665786984 463.0172782953137 7.810249675906654 5.0990195135927845 
frameColor312.jpg 33.24154027718932 451.8517455980446 7.280109889280518 5.0990195135927845 
frameColor314.jpg 34.92849839314596 452.6245684891619 8.246211251235321 5.0990195135927845 
frameColor316.jpg 33.61547262794322 435.4882317583335 5.385164807134504 5.0990195135927845 
frameColor318.jpg 34.40930106817051 444.292696316291 5.0990195135927845 5.0990195135927845 
frameColor32.jpg 338.74031351464504 273.02930245671433 4.242640687119285 5.0990195135927845 
frameColor320.jpg 34.828149534535996 444.3973447265409 5.0 5.0990195135927845 
frameColor322.jpg 32.449961479175904 452.91169117168965 6.082762530298219 5.0990195135927845 
frameColor324.jpg 36.235341863986875 404.33896670986337 3.1622776601683795 5.0990195135927845 
frameColor326.jpg 33.301651610693426 406.52798181675024 4.47213595499958 5.0990195135927845 
frameColor328.jpg 33.301651610693426 419.81543563809083 5.0 5.0990195135927845 
frameColor330.jpg 32.55764119219941 276.739950133695 2.23606797749979 5.0990195135927845 
frameColor332.jpg 31.144823004794873 198.3053201505194 2.23606797749979 5.0990195135927845 
frameColor334.jpg 75.53806987208503 427.2762572388033 4.123105625617661 5.0990195135927845 
frameColor336.jpg 43.829214001622255 199.6121238802894 2.0 5.0990195135927845 
frameColor338.jpg 43.01162633521314 438.01483993125163 6.082762530298219 5.0990195135927845 
frameColor34.jpg 46.57252408878007 273.30568965903365 3.0 5.0990195135927845 
frameColor340.jpg 34.713109915419565 431.2586231021937 1.0 5.0990195135927845 
frameColor342.jpg 44.01136216933077 430.20460248584044 0.0 5.0990195135927845 
frameColor344.jpg 44.27188724235731 415.44795101191676 4.242640687119285 5.0990195135927845 
frameColor346.jpg 13.601470508735444 412.62210314039163 3.1622776601683795 5.0990195135927845 
frameColor348.jpg 46.17358552246078 399.6210705155573 7.0710678118654755 5.0990195135927845 
frameColor350.jpg 40.52159917870962 424.48674890978634 3.0 5.0990195135927845 
frameColor352.jpg 44.91102314577124 402.53447057363917 2.0 5.0990195135927845 
frameColor354.jpg 41.0 209.65209276322523 3.0 5.0990195135927845 
frameColor356.jpg 43.73785545725808 243.81345327934633 3.1622776601683795 5.0990195135927845 
frameColor358.jpg 45.70557952810576 394.3919370372574 4.0 5.0990195135927845 
frameColor36.jpg 44.77722635447622 431.49044021855224 1.4142135623730951 5.0990195135927845 
frameColor38.jpg 45.39823785126467 258.0697580112788 5.385164807134504 5.0990195135927845 
frameColor4.jpg 34.438350715445125 459.6194077712559 5.385164807134504 5.0990195135927845 
frameColor40.jpg 12.041594578792296 427.2762572388033 0.0 5.0990195135927845 
frameColor42.jpg 45.70557952810576 412.82562904936026 3.1622776601683795 5.0990195135927845 
frameColor44.jpg 12.727922061357855 400.2848985410267 2.23606797749979 5.0990195135927845 
frameColor46.jpg 48.25971404805462 420.7089255055091 2.23606797749979 5.0990195135927845 
frameColor48.jpg 41.773197148410844 398.8182543465131 4.123105625617661 5.0990195135927845 
frameColor50.jpg 46.010868281309364 249.897979183506 3.0 5.0990195135927845 
frameColor52.jpg 12.206555615733702 417.8097653238852 6.082762530298219 5.0990195135927845 
frameColor54.jpg 44.40720662234904 245.17748673155128 5.0 5.0990195135927845 
frameColor56.jpg 9.433981132056603 397.0201506221063 2.8284271247461903 5.0990195135927845 
frameColor58.jpg 43.104524124504614 272.2002939013843 6.708203932499369 5.0990195135927845 
frameColor6.jpg 34.17601498127012 445.25273721786374 8.54400374531753 5.0990195135927845 
frameColor60.jpg 7.280109889280518 393.315395071182 2.23606797749979 5.0990195135927845 
frameColor62.jpg 42.04759208325728 383.020887158912 6.708203932499369 5.0990195135927845 
frameColor64.jpg 8.94427190999916 399.8612259271959 5.0990195135927845 5.0990195135927845 
frameColor66.jpg 47.042533945356304 383.5374818710682 3.605551275463989 5.0990195135927845 
frameColor68.jpg 46.0 383.98567681620625 3.605551275463989 5.0990195135927845 
frameColor70.jpg 7.615773105863909 368.0244557091281 3.605551275463989 5.0990195135927845 
frameColor72.jpg 48.041648597857254 398.0012562794243 4.123105625617661 5.0990195135927845 
frameColor74.jpg 51.35172830587107 392.1543063642168 3.0 5.0990195135927845 
frameColor76.jpg 331.6338342208165 358.4243295313531 3.605551275463989 5.0990195135927845 
frameColor78.jpg 5.0990195135927845 378.1137395017536 1.4142135623730951 5.0990195135927845 
frameColor8.jpg 35.34119409414458 282.24280327406046 6.708203932499369 5.0990195135927845 
frameColor80.jpg 5.0 374.35010351274116 3.1622776601683795 5.0990195135927845 
frameColor82.jpg 446.2667363808331 368.1222622988183 5.385164807134504 5.0990195135927845 
frameColor84.jpg 45.60701700396552 368.73025370858846 2.23606797749979 5.0990195135927845 
frameColor86.jpg 43.174066289845804 370.0337822415678 3.605551275463989 5.0990195135927845 
frameColor88.jpg 106.88779163215975 354.98309818919546 2.23606797749979 5.0990195135927845 
frameColor90.jpg 42.485291572496 369.8175225702536 3.605551275463989 5.0990195135927845 
frameColor92.jpg 46.14108798023731 391.61843674679056 5.656854249492381 5.0990195135927845 
frameColor94.jpg 41.677331968349414 352.8413241104279 5.656854249492381 5.0990195135927845 
frameColor96.jpg 45.17742799230607 354.44745731913497 2.0 5.0990195135927845 
frameColor98.jpg 153.0130713370593 376.3841123108147 5.385164807134504 5.0990195135927845 
frameColorW0.jpg 86.6083136886985 310.0580590792634 3.605551275463989 5.0990195135927845 
frameColorW10.jpg 77.20103626247513 78.91767862779544 5.656854249492381 5.0990195135927845 
frameColorW100.jpg 182.60339536821323 413.91786624884895 8.246211251235321 5.0990195135927845 
frameColorW102.jpg 68.70953354520753 269.2080979465514 10.0 5.0990195135927845 
frameColorW104.jpg 128.15615474880636 260.18839328455834 7.0710678118654755 5.0990195135927845 
frameColorW106.jpg 70.03570517957252 262.20793275566626 7.0710678118654755 5.0990195135927845 
frameColorW108.jpg 73.49829930005184 96.18731725128839 6.0 5.0990195135927845 
frameColorW110.jpg 70.03570517957252 96.33275663033837 9.055385138137417 5.0990195135927845 
frameColorW112.jpg 147.14618581533128 256.632032295269 10.198039027185569 5.0990195135927845 
frameColorW114.jpg 71.56814934033156 95.88534820294495 8.54400374531753 5.0990195135927845 
frameColorW116.jpg 72.18032973047436 434.35584490138956 8.54400374531753 5.0990195135927845 
frameColorW118.jpg 76.02631123499285 248.64633518312712 7.0 5.0990195135927845 
frameColorW12.jpg 74.33034373659252 308.084404019418 3.0 5.0990195135927845 
frameColorW120.jpg 77.87810988975015 243.32899539512343 5.0990195135927845 5.0990195135927845 
frameColorW122.jpg 77.52418977325722 95.0789145920377 7.0710678118654755 5.0990195135927845 
frameColorW124.jpg 71.386273190299 242.0433845408711 8.0 5.0990195135927845 
frameColorW126.jpg 145.34441853748632 93.03762679690406 7.0 5.0990195135927845 
frameColorW128.jpg 149.58609561052123 239.0083680543424 6.708203932499369 5.0990195135927845 
frameColorW130.jpg 75.05997601918082 92.57429448826494 4.123105625617661 5.0990195135927845 
frameColorW132.jpg 175.775424903483 95.29428104561154 2.23606797749979 5.0990195135927845 
frameColorW134.jpg 176.6635219845908 92.78469701410896 4.47213595499958 5.0990195135927845 
frameColorW136.jpg 76.00657866263946 90.4267659490264 1.0 5.0990195135927845 
frameColorW138.jpg 80.00624975587844 88.50988645343524 1.4142135623730951 5.0990195135927845 
frameColorW14.jpg 78.00640999302557 88.07383266328314 5.0990195135927845 5.0990195135927845 
frameColorW140.jpg 77.1621668954417 101.54801819828883 4.47213595499958 5.0990195135927845 
frameColorW142.jpg 76.23647421018367 92.00543462209176 1.4142135623730951 5.0990195135927845 
frameColorW144.jpg 76.02631123499285 416.6173304124542 2.23606797749979 5.0990195135927845 
frameColorW146.jpg 76.23647421018367 94.36630754670864 1.4142135623730951 5.0990195135927845 
frameColorW148.jpg 75.1065909225016 94.92101980067429 3.1622776601683795 5.0990195135927845 
frameColorW150.jpg 75.8023746329889 93.34880824091971 2.23606797749979 5.0990195135927845 
frameColorW152.jpg 71.19691004531025 91.43850392476902 4.0 3.605551275463989 
frameColorW154.jpg 67.89698078707183 89.10667763978185 8.06225774829855 3.605551275463989 
frameColorW156.jpg 75.13321502504735 89.87213138676528 4.47213595499958 3.605551275463989 
frameColorW158.jpg 161.22654868228122 90.27181176868004 2.23606797749979 1.4142135623730951 
frameColorW16.jpg 74.32361670424818 314.33103569326397 2.23606797749979 1.4142135623730951 
frameColorW160.jpg 163.37074401495514 88.40814442120137 5.656854249492381 4.47213595499958 
frameColorW162.jpg 72.12489168102785 83.24061508662703 4.0 4.47213595499958 
frameColorW164.jpg 73.38937252763509 83.24061508662703 3.1622776601683795 4.47213595499958 
frameColorW166.jpg 69.28924880528002 83.35466393669883 3.605551275463989 4.47213595499958 
frameColorW168.jpg 70.57619995437555 204.00490190189058 4.242640687119285 4.47213595499958 
frameColorW170.jpg 191.8879881597595 84.50443775329198 3.605551275463989 4.47213595499958 
frameColorW172.jpg 191.8879881597595 80.62257748298549 2.23606797749979 4.47213595499958 
frameColorW174.jpg 191.8879881597595 81.27115109311545 1.0 4.47213595499958 
frameColorW176.jpg 191.8879881597595 81.9084855189009 3.1622776601683795 4.47213595499958 
frameColorW178.jpg 203.29781110479277 414.06400471424706 4.47213595499958 4.47213595499958 
frameColorW18.jpg 69.77822009767804 81.02468759581859 5.385164807134504 4.47213595499958 
frameColorW180.jpg 184.71599822430107 414.30664971733194 5.830951894845301 4.47213595499958 
frameColorW182.jpg 184.71599822430107 131.7269904006009 5.385164807134504 4.47213595499958 
frameColorW184.jpg 166.14752480852673 80.15609770940699 9.486832980505138 4.47213595499958 
frameColorW186.jpg 166.14752480852673 81.05553651663777 1.4142135623730951 4.47213595499958 
frameColorW188.jpg 192.8237537234456 167.10774967068403 9.848857801796104 4.47213595499958 
frameColorW190.jpg 60.8276253029822 78.05767098754612 5.656854249492381 4.47213595499958 
frameColorW192.jpg 57.3149195236284 188.939143641544 3.1622776601683795 4.47213595499958 
frameColorW194.jpg 54.817880294662984 79.30952023559341 4.0 4.47213595499958 
frameColorW196.jpg 157.610278852618 394.38179471167274 8.246211251235321 4.47213595499958 
frameColorW198.jpg 157.610278852618 81.04936767180853 7.0710678118654755 4.47213595499958 
frameColorW2.jpg 84.20213774008353 318.27660925679095 3.605551275463989 4.47213595499958 
frameColorW20.jpg 87.78382538941898 307.4296667532267 1.0 4.47213595499958 
frameColorW200.jpg 87.78382538941898 82.71033792700887 5.0 4.47213595499958 
frameColorW202.jpg 203.4158302591025 377.25985739275256 7.0710678118654755 4.47213595499958 
frameColorW204.jpg 160.18114745499858 80.00624975587844 5.656854249492381 4.47213595499958 
frameColorW206.jpg 151.34397906755325 80.77747210701756 9.055385138137417 4.47213595499958 
frameColorW208.jpg 129.5569372901351 80.62257748298549 8.0 4.47213595499958 
frameColorW210.jpg 150.3761949245957 199.0226117806718 11.180339887498949 4.47213595499958 
frameColorW212.jpg 50.11985634456667 140.03570973148243 6.082762530298219 4.47213595499958 
frameColorW214.jpg 137.43725841270262 201.12185361118767 7.615773105863909 4.47213595499958 
frameColorW216.jpg 180.61284561182242 77.33692520394123 7.0 4.47213595499958 
frameColorW218.jpg 166.00301202086666 75.66372975210778 6.0 4.47213595499958 
frameColorW22.jpg 82.73451516749222 88.88756943465155 6.708203932499369 4.47213595499958 
frameColorW220.jpg 150.08331019803634 209.69024774652732 13.601470508735444 4.47213595499958 
frameColorW222.jpg 150.08331019803634 56.72741841473134 8.602325267042627 4.47213595499958 
frameColorW224.jpg 181.69479904499192 77.80102827083971 5.656854249492381 4.47213595499958 
frameColorW226.jpg 181.69479904499192 215.23243250030885 5.0990195135927845 4.47213595499958 
frameColorW228.jpg 187.0721785835617 81.12336284942828 8.06225774829855 4.47213595499958 
frameColorW230.jpg 150.0 317.49330701606925 8.246211251235321 4.47213595499958 
frameColorW232.jpg 150.0 220.4835594777987 9.055385138137417 4.47213595499958 
frameColorW234.jpg 158.67261893597143 124.55520864259351 8.06225774829855 4.47213595499958 
frameColorW236.jpg 220.91174708466727 85.88364221433555 6.708203932499369 4.47213595499958 
frameColorW238.jpg 170.07351351694948 87.5956619930462 10.198039027185569 4.47213595499958 
frameColorW24.jpg 72.71863585079137 80.06247560499239 14.212670403551895 4.47213595499958 
frameColorW240.jpg 186.10212250267324 227.40712389896672 10.816653826391969 4.47213595499958 
frameColorW242.jpg 86.97700845625813 85.16454661418682 9.433981132056603 4.47213595499958 
frameColorW244.jpg 84.86459803710851 87.86353054595519 5.385164807134504 4.47213595499958 
frameColorW246.jpg 81.25269226308751 86.12200647918046 7.615773105863909 4.47213595499958 
frameColorW248.jpg 182.00274723201295 91.67878707749138 5.0990195135927845 4.47213595499958 
frameColorW250.jpg 82.86132994346639 89.26925562588724 5.656854249492381 4.47213595499958 
frameColorW252.jpg 85.21150157109074 91.54780172128658 5.0 4.47213595499958 
frameColorW254.jpg 87.36704184073076 97.18538984847466 5.385164807134504 4.47213595499958 
frameColorW256.jpg 180.76780686836912 244.55878638887626 6.082762530298219 4.47213595499958 
frameColorW258.jpg 85.09406559801923 127.90621564255585 6.0 4.47213595499958 
frameColorW26.jpg 181.61773041198373 76.79192665899195 5.0 4.47213595499958 
frameColorW260.jpg 81.61494961096282 91.08786966440702 6.0 4.47213595499958 
frameColorW262.jpg 263.41032629720496 89.05054744357274 5.0 4.47213595499958 
frameColorW264.jpg 172.03778654702577 91.00549433962765 3.0 4.47213595499958 
frameColorW266.jpg 209.35376758014172 94.42986815621421 5.0 4.47213595499958 
frameColorW268.jpg 184.06792224611002 94.04786015641186 2.23606797749979 4.47213595499958 
frameColorW270.jpg 187.94946129212502 97.16480844420988 3.0 4.47213595499958 
frameColorW272.jpg 199.52944644838766 97.49358953285082 2.23606797749979 4.47213595499958 
frameColorW274.jpg 93.38094023943002 100.89598604503551 6.082762530298219 4.47213595499958 
frameColorW276.jpg 78.74642849044012 60.876925020897694 1.4142135623730951 4.47213595499958 
frameColorW278.jpg 77.80102827083971 95.80187889597991 1.0 4.47213595499958 
frameColorW28.jpg 188.48076824970764 82.76472678623425 8.06225774829855 4.47213595499958 
frameColorW280.jpg 75.16648189186454 102.85912696499032 7.615773105863909 4.47213595499958 
frameColorW282.jpg 74.43117626371358 103.73041983911952 3.0 4.47213595499958 
frameColorW284.jpg 79.05694150420949 99.16148445843275 3.1622776601683795 4.47213595499958 
frameColorW286.jpg 74.33034373659252 97.04638066409278 4.123105625617661 4.47213595499958 
frameColorW288.jpg 74.62573282722254 101.23734488813898 2.0 4.47213595499958 
frameColorW290.jpg 183.69812192834198 98.41239759298622 3.1622776601683795 4.47213595499958 
frameColorW292.jpg 172.88724649319857 102.95630140987001 3.605551275463989 4.47213595499958 
frameColorW294.jpg 164.80594649465777 100.72239075796404 3.0 4.47213595499958 
frameColorW296.jpg 199.46177578674065 103.4456378974 2.0 4.47213595499958 
frameColorW298.jpg 75.64390259630977 108.2266141020775 1.0 4.47213595499958 
frameColorW30.jpg 77.6659513557904 485.84977101980814 2.8284271247461903 4.47213595499958 
frameColorW300.jpg 76.92203845452875 400.47596681948346 6.082762530298219 4.47213595499958 
frameColorW302.jpg 79.7057087039567 105.55093557141026 6.4031242374328485 4.47213595499958 
frameColorW304.jpg 73.16419889536138 101.67103815738285 4.242640687119285 11.180339887498949 
frameColorW306.jpg 76.40026177965623 103.23759005323593 2.0 1.0 
frameColorW308.jpg 82.86132994346639 306.6349621292393 3.1622776601683795 2.23606797749979 
frameColorW310.jpg 73.08214556237385 106.10372283760829 5.656854249492381 5.0 
frameColorW312.jpg 71.80529228406496 105.64563407921787 5.385164807134504 6.708203932499369 
frameColorW314.jpg 72.00694410957877 98.3107318658548 4.0 7.810249675906654 
frameColorW316.jpg 75.31268153505093 107.00467279516349 5.0990195135927845 4.123105625617661 
frameColorW318.jpg 79.07591289387686 100.26464980241042 8.54400374531753 4.242640687119285 
frameColorW32.jpg 76.21679604916491 94.81033698917012 6.4031242374328485 4.242640687119285 
frameColorW320.jpg 73.43704787094863 300.3747659175118 4.123105625617661 7.0710678118654755 
frameColorW322.jpg 72.69112738154499 427.0316147546924 5.0 3.605551275463989 
frameColorW324.jpg 71.7007670809734 98.22932352408826 6.708203932499369 6.708203932499369 
frameColorW326.jpg 83.09632964216891 95.71833680126291 4.0 3.1622776601683795 
frameColorW328.jpg 82.02438661763951 95.69221493935649 2.23606797749979 7.0710678118654755 
frameColorW330.jpg 77.05841939723393 303.1649715913763 1.4142135623730951 0.0 
frameColorW332.jpg 80.22468448052632 306.10455730027934 3.605551275463989 0.0 
frameColorW334.jpg 78.23042886243178 93.94147114027967 3.0 0.0 
frameColorW336.jpg 92.0869154657707 308.00649343804423 2.8284271247461903 0.0 
frameColorW338.jpg 93.26306878931231 308.00649343804423 0.0 5.0990195135927845 
frameColorW34.jpg 164.24676556937126 88.56635930193812 5.830951894845301 5.0990195135927845 
frameColorW340.jpg 83.02409288875127 311.02572240893517 6.324555320336759 5.0990195135927845 
frameColorW342.jpg 82.73451516749222 307.0 5.0 4.242640687119285 
frameColorW344.jpg 81.78630692236935 312.1938500355188 5.0 5.656854249492381 
frameColorW346.jpg 80.65358020571685 312.1602152741441 3.1622776601683795 7.280109889280518 
frameColorW348.jpg 91.78235124467012 95.90099061010788 2.23606797749979 5.830951894845301 
frameColorW350.jpg 80.36168241145776 311.1301978272119 3.1622776601683795 5.830951894845301 
frameColorW352.jpg 84.11896337925236 306.1976485866604 5.385164807134504 5.385164807134504 
frameColorW354.jpg 80.95677859203639 309.5238278388273 3.605551275463989 7.615773105863909 
frameColorW356.jpg 91.7877987534291 88.84255736976509 5.0 7.615773105863909 
frameColorW358.jpg 100.30453628824571 90.02777349240623 4.47213595499958 5.830951894845301 
frameColorW36.jpg 84.81155581640984 93.47192091746055 5.0990195135927845 5.830951894845301 
frameColorW38.jpg 88.09086218218096 317.58620876857987 8.06225774829855 5.830951894845301 
frameColorW4.jpg 67.06713054842886 326.1717339071551 7.211102550927978 5.830951894845301 
frameColorW40.jpg 87.20665112249179 313.68296096536704 5.0 5.830951894845301 
frameColorW42.jpg 176.36609651517495 313.84868965793055 8.94427190999916 5.830951894845301 
frameColorW44.jpg 85.98255637046388 314.3262636179166 8.06225774829855 2.23606797749979 
frameColorW46.jpg 80.15609770940699 95.13148795220224 6.324555320336759 2.23606797749979 
frameColorW48.jpg 76.48529270389177 96.82974749528164 8.246211251235321 2.23606797749979 
frameColorW50.jpg 78.5175139698144 98.3107318658548 7.615773105863909 2.23606797749979 
frameColorW52.jpg 79.19595949289332 494.72517623424017 7.280109889280518 2.23606797749979 
frameColorW54.jpg 81.46778504415104 316.2040480449294 5.0 2.23606797749979 
frameColorW56.jpg 82.75868534480233 472.61929710920606 5.0 2.23606797749979 
frameColorW58.jpg 82.73451516749222 303.05775027212223 5.0 2.23606797749979 
frameColorW6.jpg 82.66196223173026 297.7414986191881 3.605551275463989 2.23606797749979 
frameColorW60.jpg 80.72174428244226 149.09057649630307 4.47213595499958 2.23606797749979 
frameColorW62.jpg 86.97700845625813 305.19665791092797 3.1622776601683795 2.23606797749979 
frameColorW64.jpg 79.90619500389191 305.4766766874355 7.0 2.23606797749979 
frameColorW66.jpg 85.47514258543241 301.3652269257354 4.0 2.23606797749979 
frameColorW68.jpg 81.49233092751734 301.69189581425616 5.656854249492381 2.23606797749979 
frameColorW70.jpg 81.46778504415104 95.88013350011565 6.4031242374328485 2.23606797749979 
frameColorW72.jpg 78.87331614684399 300.76070222022025 5.385164807134504 2.23606797749979 
frameColorW74.jpg 84.64632301523794 94.93682109698007 2.8284271247461903 2.23606797749979 
frameColorW76.jpg 164.59647626847908 509.2278468426486 5.0990195135927845 2.23606797749979 
frameColorW78.jpg 77.38862965578342 101.95096860746347 5.0 2.23606797749979 
frameColorW8.jpg 81.27115109311545 84.17244204607586 2.23606797749979 2.23606797749979 
frameColorW80.jpg 72.069410986909 496.38896039295633 7.810249675906654 2.23606797749979 
frameColorW82.jpg 81.30190649671138 93.68030742904295 5.0990195135927845 2.23606797749979 
frameColorW84.jpg 172.90459797240788 92.04890004774636 1.0 2.23606797749979 
frameColorW86.jpg 77.3692445355388 282.79321066814884 5.0 2.23606797749979 
frameColorW88.jpg 71.02112361825881 99.04039579888602 4.47213595499958 2.23606797749979 
frameColorW90.jpg 76.00657866263946 97.29337079164233 3.1622776601683795 2.23606797749979 
frameColorW92.jpg 65.76473218982953 99.14131328563285 5.0 2.23606797749979 
frameColorW94.jpg 70.66116330771806 100.84145972763385 3.1622776601683795 2.23606797749979 
frameColorW96.jpg 71.58910531638176 100.60318086422517 5.0 2.23606797749979 
frameColorW98.jpg 63.324560795950255 269.6664606509308 11.180339887498949 2.23606797749979 
frameW0.jpg 22.135943621178654 315.90188350182405 2.8284271247461903 2.23606797749979 
