frameColor0.jpg 24.020824298928627 14.317821063276353 2.23606797749979 None 
frameColor10.jpg 24.020824298928627 14.035668847618199 4.0 None 
frameColor100.jpg 75.4254598925323 2.23606797749979 4.47213595499958 None 
frameColor102.jpg 76.79192665899195 5.0990195135927845 3.605551275463989 None 
frameColor104.jpg 72.56721022610694 4.123105625617661 2.23606797749979 None 
frameColor106.jpg 24.186773244895647 2.8284271247461903 6.082762530298219 None 
frameColor108.jpg 77.3692445355388 5.0990195135927845 5.0 None 
frameColor110.jpg 72.80109889280519 4.0 7.280109889280518 None 
frameColor112.jpg 71.30918594402827 3.1622776601683795 2.0 None 
frameColor114.jpg 70.60453243241541 5.385164807134504 2.23606797749979 None 
frameColor116.jpg 69.6419413859206 4.123105625617661 3.605551275463989 None 
frameColor118.jpg 70.21395872616783 4.242640687119285 4.0 None 
frameColor12.jpg 214.3105223734943 13.601470508735444 5.0 None 
frameColor120.jpg 16.492422502470642 3.1622776601683795 2.23606797749979 None 
frameColor122.jpg 18.027756377319946 2.8284271247461903 4.123105625617661 None 
frameColor124.jpg 15.297058540778355 4.242640687119285 5.830951894845301 None 
frameColor126.jpg 97.32933781753577 0.0 1.4142135623730951 None 
frameColor128.jpg 100.24470060806208 296.0219586449627 2.23606797749979 None 
frameColor130.jpg 99.84988733093293 2.8284271247461903 2.23606797749979 None 
frameColor132.jpg 9.219544457292887 2.23606797749979 2.23606797749979 None 
frameColor134.jpg 3.0 1.0 2.8284271247461903 None 
frameColor136.jpg 7.0710678118654755 2.23606797749979 4.47213595499958 None 
frameColor138.jpg 2.8284271247461903 3.0 3.1622776601683795 None 
frameColor14.jpg 202.8324431643025 13.038404810405298 2.23606797749979 None 
frameColor140.jpg 7.0 4.47213595499958 5.0 None 
frameColor142.jpg 6.324555320336759 5.385164807134504 7.0710678118654755 None 
frameColor144.jpg 3.0 8.602325267042627 6.082762530298219 None 
frameColor146.jpg 0.0 5.0 6.0 None 
frameColor148.jpg 109.11003620199197 7.0710678118654755 4.123105625617661 None 
frameColor150.jpg 5.0990195135927845 6.324555320336759 9.0 None 
frameColor152.jpg 7.0710678118654755 6.4031242374328485 6.708203932499369 None 
frameColor154.jpg 10.44030650891055 4.47213595499958 2.0 None 
frameColor156.jpg 7.615773105863909 5.0 2.0 None 
frameColor158.jpg 9.486832980505138 4.123105625617661 7.0710678118654755 None 
frameColor16.jpg 21.0 15.132745950421556 1.0 15.033296378372908 
frameColor160.jpg 5.0990195135927845 5.0 6.0 15.033296378372908 
frameColor162.jpg 10.0 11.045361017187261 5.0990195135927845 15.033296378372908 
frameColor164.jpg 105.58882516630251 9.486832980505138 3.605551275463989 15.033296378372908 
frameColor166.jpg 9.055385138137417 10.770329614269007 6.324555320336759 15.033296378372908 
frameColor168.jpg 8.06225774829855 10.198039027185569 7.615773105863909 15.033296378372908 
frameColor170.jpg 104.80935072788114 10.295630140987 5.0 15.033296378372908 
frameColor172.jpg 108.75660899458019 11.704699910719626 5.0 15.033296378372908 
frameColor174.jpg 18.027756377319946 12.206555615733702 5.0 15.033296378372908 
frameColor176.jpg 120.65239326262865 10.816653826391969 5.0 15.033296378372908 
frameColor178.jpg 14.866068747318506 7.615773105863909 5.0990195135927845 15.033296378372908 
frameColor18.jpg 250.2039168358481 16.0 3.605551275463989 15.033296378372908 
frameColor180.jpg 178.21896644296868 7.810249675906654 5.0990195135927845 15.033296378372908 
frameColor182.jpg 15.620499351813308 6.708203932499369 3.1622776601683795 15.033296378372908 
frameColor184.jpg 141.59802258506295 6.324555320336759 9.219544457292887 15.033296378372908 
frameColor186.jpg 144.3675863897433 5.830951894845301 3.0 15.033296378372908 
frameColor188.jpg 40.311288741492746 7.615773105863909 6.0 15.033296378372908 
frameColor190.jpg 42.190046219457976 5.0990195135927845 6.0 15.033296378372908 
frameColor192.jpg 43.04648650006177 2.8284271247461903 6.324555320336759 15.033296378372908 
frameColor194.jpg 45.48626166217664 7.211102550927978 8.54400374531753 15.033296378372908 
frameColor196.jpg 43.829214001622255 2.8284271247461903 7.810249675906654 15.033296378372908 
frameColor198.jpg 24.698178070456937 1.4142135623730951 8.06225774829855 15.033296378372908 
frameColor2.jpg 15.652475842498529 19.0 2.23606797749979 15.033296378372908 
frameColor20.jpg 21.02379604162864 18.027756377319946 3.0 15.033296378372908 
frameColor200.jpg 113.53413583587978 5.385164807134504 7.280109889280518 15.033296378372908 
frameColor202.jpg 18.384776310850235 1.4142135623730951 8.246211251235321 15.033296378372908 
frameColor204.jpg 25.059928172283335 3.605551275463989 8.0 15.033296378372908 
frameColor206.jpg 26.0 7.211102550927978 9.486832980505138 15.033296378372908 
frameColor208.jpg 25.942243542145693 2.0 10.44030650891055 15.033296378372908 
frameColor210.jpg 23.769728648009426 6.4031242374328485 8.54400374531753 15.033296378372908 
frameColor212.jpg 17.69180601295413 2.8284271247461903 6.082762530298219 15.033296378372908 
frameColor214.jpg 26.40075756488817 5.830951894845301 8.0 15.033296378372908 
frameColor216.jpg 16.278820596099706 8.48528137423857 7.0710678118654755 15.033296378372908 
frameColor218.jpg 21.540659228538015 8.94427190999916 7.0 15.033296378372908 
frameColor22.jpg 21.02379604162864 24.186773244895647 3.605551275463989 15.033296378372908 
frameColor220.jpg 95.524865872714 14.317821063276353 8.06225774829855 15.033296378372908 
frameColor222.jpg 17.204650534085253 12.36931687685298 9.486832980505138 15.033296378372908 
frameColor224.jpg 20.518284528683193 41.677331968349414 7.0710678118654755 15.033296378372908 
frameColor226.jpg 14.142135623730951 11.40175425099138 2.23606797749979 15.033296378372908 
frameColor228.jpg 13.038404810405298 10.04987562112089 3.1622776601683795 15.033296378372908 
frameColor230.jpg 13.038404810405298 36.89173349139343 4.0 15.033296378372908 
frameColor232.jpg 61.40032573203501 10.0 2.23606797749979 15.033296378372908 
frameColor234.jpg 13.601470508735444 9.0 1.0 15.033296378372908 
frameColor236.jpg 17.029386365926403 8.54400374531753 3.1622776601683795 15.033296378372908 
frameColor238.jpg 17.69180601295413 10.295630140987 2.23606797749979 15.033296378372908 
frameColor24.jpg 21.095023109728988 15.524174696260024 2.8284271247461903 15.033296378372908 
frameColor240.jpg 15.811388300841896 13.416407864998739 4.242640687119285 15.033296378372908 
frameColor242.jpg 14.866068747318506 11.40175425099138 3.1622776601683795 15.033296378372908 
frameColor244.jpg 15.811388300841896 10.63014581273465 5.385164807134504 11.40175425099138 
frameColor246.jpg 17.804493814764857 10.0 6.082762530298219 11.40175425099138 
frameColor248.jpg 14.866068747318506 10.0 2.0 11.40175425099138 
frameColor250.jpg 19.849433241279208 8.94427190999916 7.0710678118654755 11.40175425099138 
frameColor252.jpg 16.97056274847714 9.219544457292887 3.0 11.40175425099138 
frameColor254.jpg 14.866068747318506 11.661903789690601 6.082762530298219 11.40175425099138 
frameColor256.jpg 19.209372712298546 7.280109889280518 8.602325267042627 11.40175425099138 
frameColor258.jpg 15.620499351813308 10.198039027185569 7.0710678118654755 11.40175425099138 
frameColor26.jpg 185.88437266214714 17.72004514666935 4.0 11.40175425099138 
frameColor260.jpg 19.209372712298546 11.704699910719626 8.94427190999916 11.40175425099138 
frameColor262.jpg 19.72308292331602 9.433981132056603 9.486832980505138 11.40175425099138 
frameColor264.jpg 18.35755975068582 11.045361017187261 5.830951894845301 11.40175425099138 
frameColor266.jpg 14.866068747318506 15.524174696260024 8.06225774829855 11.40175425099138 
frameColor268.jpg 12.727922061357855 16.0312195418814 7.615773105863909 11.40175425099138 
frameColor270.jpg 12.529964086141668 11.180339887498949 7.0 11.40175425099138 
frameColor272.jpg 23.53720459187964 11.045361017187261 9.055385138137417 11.40175425099138 
frameColor274.jpg 242.69528219559604 10.04987562112089 1.4142135623730951 11.40175425099138 
frameColor276.jpg 20.615528128088304 11.40175425099138 3.605551275463989 11.40175425099138 
frameColor278.jpg 24.331050121192877 15.0 6.082762530298219 11.40175425099138 
frameColor28.jpg 157.8923684032892 14.142135623730951 2.23606797749979 11.40175425099138 
frameColor280.jpg 28.635642126552707 14.0 6.708203932499369 11.40175425099138 
frameColor282.jpg 93.23089616645332 15.132745950421556 7.280109889280518 11.40175425099138 
frameColor284.jpg 29.154759474226502 13.038404810405298 2.23606797749979 11.40175425099138 
frameColor286.jpg 14.560219778561036 14.142135623730951 2.23606797749979 11.40175425099138 
frameColor288.jpg 28.071337695236398 12.649110640673518 3.605551275463989 11.40175425099138 
frameColor290.jpg 30.265491900843113 9.055385138137417 4.0 11.40175425099138 
frameColor292.jpg 28.0178514522438 14.035668847618199 4.123105625617661 11.40175425099138 
frameColor294.jpg 28.071337695236398 11.40175425099138 8.94427190999916 11.40175425099138 
frameColor296.jpg 25.019992006393608 15.297058540778355 3.605551275463989 11.40175425099138 
frameColor298.jpg 25.019992006393608 15.811388300841896 4.242640687119285 11.40175425099138 
frameColor30.jpg 23.0 10.44030650891055 5.0 11.40175425099138 
frameColor300.jpg 30.01666203960727 17.72004514666935 4.242640687119285 11.40175425099138 
frameColor302.jpg 27.018512172212592 15.652475842498529 6.0 11.40175425099138 
frameColor304.jpg 197.29419656948858 14.035668847618199 4.47213595499958 11.40175425099138 
frameColor306.jpg 29.0 15.524174696260024 1.4142135623730951 11.40175425099138 
frameColor308.jpg 27.0 17.11724276862369 2.23606797749979 11.40175425099138 
frameColor310.jpg 25.019992006393608 17.11724276862369 2.8284271247461903 11.40175425099138 
frameColor312.jpg 26.0 12.165525060596439 4.123105625617661 26.476404589747453 
frameColor314.jpg 23.021728866442675 14.142135623730951 4.47213595499958 26.476404589747453 
frameColor316.jpg 25.019992006393608 16.0312195418814 4.47213595499958 26.476404589747453 
frameColor318.jpg 23.021728866442675 11.40175425099138 2.23606797749979 26.476404589747453 
frameColor32.jpg 154.5736070614903 7.615773105863909 3.1622776601683795 26.476404589747453 
frameColor320.jpg 214.96511344867102 7.211102550927978 6.4031242374328485 26.476404589747453 
frameColor322.jpg 284.8596145472362 13.341664064126334 5.0 26.476404589747453 
frameColor324.jpg 211.43556938225885 15.297058540778355 0.0 26.476404589747453 
frameColor326.jpg 19.026297590440446 13.152946437965905 5.0 26.476404589747453 
frameColor328.jpg 154.8709139896837 13.038404810405298 4.123105625617661 20.615528128088304 
frameColor330.jpg 22.0 14.560219778561036 2.0 20.615528128088304 
frameColor332.jpg 22.090722034374522 14.142135623730951 4.123105625617661 20.615528128088304 
frameColor334.jpg 20.024984394500787 12.36931687685298 4.123105625617661 20.615528128088304 
frameColor336.jpg 22.0 10.44030650891055 1.4142135623730951 20.615528128088304 
frameColor338.jpg 25.019992006393608 11.045361017187261 5.830951894845301 20.615528128088304 
frameColor34.jpg 21.02379604162864 12.165525060596439 4.47213595499958 20.615528128088304 
frameColor340.jpg 22.02271554554524 9.433981132056603 2.23606797749979 20.615528128088304 
frameColor342.jpg 21.0 11.045361017187261 3.1622776601683795 20.615528128088304 
frameColor344.jpg 19.026297590440446 9.219544457292887 3.1622776601683795 20.615528128088304 
frameColor346.jpg 24.186773244895647 6.708203932499369 3.605551275463989 20.615528128088304 
frameColor348.jpg 23.194827009486403 10.816653826391969 4.242640687119285 20.615528128088304 
frameColor350.jpg 25.019992006393608 13.038404810405298 2.0 20.615528128088304 
frameColor352.jpg 23.021728866442675 15.132745950421556 1.0 20.615528128088304 
frameColor354.jpg 24.020824298928627 18.24828759089466 3.1622776601683795 20.615528128088304 
frameColor356.jpg 19.026297590440446 8.06225774829855 5.830951894845301 20.615528128088304 
frameColor358.jpg 17.029386365926403 9.219544457292887 6.4031242374328485 20.615528128088304 
frameColor36.jpg 19.0 10.198039027185569 1.4142135623730951 20.615528128088304 
frameColor38.jpg 24.331050121192877 10.770329614269007 4.47213595499958 20.615528128088304 
frameColor4.jpg 24.020824298928627 9.848857801796104 5.0990195135927845 20.615528128088304 
frameColor40.jpg 23.0 5.0 1.4142135623730951 20.615528128088304 
frameColor42.jpg 23.08679276123039 8.06225774829855 3.0 20.615528128088304 
frameColor44.jpg 23.194827009486403 5.0 4.123105625617661 20.615528128088304 
frameColor46.jpg 98.79271228182775 8.54400374531753 4.123105625617661 20.615528128088304 
frameColor48.jpg 24.08318915758459 9.0 3.1622776601683795 20.615528128088304 
frameColor50.jpg 23.08679276123039 5.385164807134504 3.0 20.615528128088304 
frameColor52.jpg 20.396078054371138 5.385164807134504 3.1622776601683795 20.615528128088304 
frameColor54.jpg 18.24828759089466 4.47213595499958 6.708203932499369 20.615528128088304 
frameColor56.jpg 18.0 6.708203932499369 1.4142135623730951 20.615528128088304 
frameColor58.jpg 110.42191811411355 5.0 7.211102550927978 20.615528128088304 
frameColor6.jpg 26.019223662515376 17.46424919657298 4.47213595499958 20.615528128088304 
frameColor60.jpg 13.038404810405298 6.4031242374328485 2.23606797749979 20.615528128088304 
frameColor62.jpg 18.110770276274835 9.0 5.830951894845301 20.615528128088304 
frameColor64.jpg 14.035668847618199 6.0 6.082762530298219 20.615528128088304 
frameColor66.jpg 10.0 11.045361017187261 5.385164807134504 20.615528128088304 
frameColor68.jpg 12.0 10.198039027185569 2.0 20.615528128088304 
frameColor70.jpg 12.041594578792296 7.615773105863909 5.830951894845301 20.615528128088304 
frameColor72.jpg 9.055385138137417 13.152946437965905 2.8284271247461903 20.615528128088304 
frameColor74.jpg 15.033296378372908 5.0 4.0 20.615528128088304 
frameColor76.jpg 18.027756377319946 7.0710678118654755 4.242640687119285 20.615528128088304 
frameColor78.jpg 20.024984394500787 8.48528137423857 2.0 20.615528128088304 
frameColor8.jpg 23.0 24.331050121192877 2.0 20.615528128088304 
frameColor80.jpg 53.16013544000805 11.180339887498949 1.4142135623730951 20.615528128088304 
frameColor82.jpg 21.02379604162864 6.082762530298219 5.0990195135927845 20.615528128088304 
frameColor84.jpg 22.02271554554524 8.06225774829855 2.23606797749979 20.615528128088304 
frameColor86.jpg 24.020824298928627 12.041594578792296 1.0 20.615528128088304 
frameColor88.jpg 100.60318086422517 11.40175425099138 1.0 20.615528128088304 
frameColor90.jpg 13.601470508735444 8.06225774829855 1.4142135623730951 20.615528128088304 
frameColor92.jpg 61.40032573203501 10.44030650891055 7.615773105863909 20.615528128088304 
frameColor94.jpg 14.866068747318506 7.280109889280518 4.47213595499958 20.615528128088304 
frameColor96.jpg 12.206555615733702 8.54400374531753 3.605551275463989 20.615528128088304 
frameColor98.jpg 16.55294535724685 8.246211251235321 4.123105625617661 20.615528128088304 
frameColorW0.jpg 20.248456731316587 17.46424919657298 2.23606797749979 20.615528128088304 
frameColorW10.jpg 24.596747752497688 14.560219778561036 4.123105625617661 20.615528128088304 
frameColorW100.jpg 17.46424919657298 16.492422502470642 10.04987562112089 20.615528128088304 
frameColorW102.jpg 19.697715603592208 10.198039027185569 13.038404810405298 20.615528128088304 
frameColorW104.jpg 17.204650534085253 12.36931687685298 7.211102550927978 20.615528128088304 
frameColorW106.jpg 16.64331697709324 16.1245154965971 8.246211251235321 20.615528128088304 
frameColorW108.jpg 16.401219466856727 12.0 6.082762530298219 20.615528128088304 
frameColorW110.jpg 19.72308292331602 12.041594578792296 10.04987562112089 20.615528128088304 
frameColorW112.jpg 21.540659228538015 7.0 11.045361017187261 20.615528128088304 
frameColorW114.jpg 19.4164878389476 13.038404810405298 7.280109889280518 20.615528128088304 
frameColorW116.jpg 18.027756377319946 10.0 9.486832980505138 20.615528128088304 
frameColorW118.jpg 19.4164878389476 12.649110640673518 8.54400374531753 20.615528128088304 
frameColorW12.jpg 23.259406699226016 16.15549442140351 5.0990195135927845 20.615528128088304 
frameColorW120.jpg 19.4164878389476 18.027756377319946 9.0 20.615528128088304 
frameColorW122.jpg 21.400934559032695 21.400934559032695 8.06225774829855 20.615528128088304 
frameColorW124.jpg 23.021728866442675 16.492422502470642 9.0 20.615528128088304 
frameColorW126.jpg 23.853720883753127 17.88854381999832 9.055385138137417 20.615528128088304 
frameColorW128.jpg 23.345235059857504 10.198039027185569 9.486832980505138 20.615528128088304 
frameColorW130.jpg 21.93171219946131 14.317821063276353 6.082762530298219 20.615528128088304 
frameColorW132.jpg 19.849433241279208 13.038404810405298 7.280109889280518 20.615528128088304 
frameColorW134.jpg 17.029386365926403 14.7648230602334 8.0 20.615528128088304 
frameColorW136.jpg 19.209372712298546 16.55294535724685 2.23606797749979 20.615528128088304 
frameColorW138.jpg 16.64331697709324 14.317821063276353 1.4142135623730951 20.615528128088304 
frameColorW14.jpg 26.570660511172846 10.198039027185569 3.605551275463989 20.615528128088304 
frameColorW140.jpg 21.95449840010015 8.06225774829855 4.47213595499958 20.615528128088304 
frameColorW142.jpg 20.12461179749811 9.219544457292887 2.23606797749979 20.615528128088304 
frameColorW144.jpg 17.4928556845359 11.180339887498949 4.123105625617661 20.615528128088304 
frameColorW146.jpg 18.788294228055936 10.816653826391969 3.0 20.615528128088304 
frameColorW148.jpg 16.1245154965971 10.295630140987 5.0 20.615528128088304 
frameColorW150.jpg 14.866068747318506 6.082762530298219 1.4142135623730951 20.615528128088304 
frameColorW152.jpg 17.88854381999832 9.433981132056603 8.06225774829855 20.615528128088304 
frameColorW154.jpg 17.029386365926403 1.4142135623730951 8.54400374531753 20.615528128088304 
frameColorW156.jpg 15.811388300841896 4.47213595499958 5.385164807134504 20.615528128088304 
frameColorW158.jpg 15.297058540778355 8.602325267042627 3.605551275463989 20.615528128088304 
frameColorW16.jpg 21.18962010041709 13.0 3.1622776601683795 20.615528128088304 
frameColorW160.jpg 14.560219778561036 6.4031242374328485 5.0 20.615528128088304 
frameColorW162.jpg 14.866068747318506 11.704699910719626 4.123105625617661 20.615528128088304 
frameColorW164.jpg 15.811388300841896 8.246211251235321 3.605551275463989 20.615528128088304 
frameColorW166.jpg 15.652475842498529 3.0 7.615773105863909 20.615528128088304 
frameColorW168.jpg 16.76305461424021 11.40175425099138 7.280109889280518 20.615528128088304 
frameColorW170.jpg 68.96375859826666 2.0 9.055385138137417 20.615528128088304 
frameColorW172.jpg 18.439088914585774 30.083217912982647 3.605551275463989 20.615528128088304 
frameColorW174.jpg 19.924858845171276 30.083217912982647 3.1622776601683795 20.615528128088304 
frameColorW176.jpg 23.08679276123039 30.083217912982647 4.47213595499958 20.615528128088304 
frameColorW178.jpg 40.01249804748511 30.083217912982647 4.0 20.615528128088304 
frameColorW18.jpg 24.166091947189145 20.615528128088304 5.0990195135927845 20.615528128088304 
frameColorW180.jpg 24.698178070456937 20.615528128088304 8.06225774829855 20.615528128088304 
frameColorW182.jpg 23.769728648009426 20.615528128088304 7.211102550927978 20.615528128088304 
frameColorW184.jpg 37.12142238654117 20.615528128088304 8.54400374531753 20.615528128088304 
frameColorW186.jpg 17.08800749063506 20.615528128088304 3.1622776601683795 20.615528128088304 
frameColorW188.jpg 21.095023109728988 20.615528128088304 7.211102550927978 20.615528128088304 
frameColorW190.jpg 22.360679774997898 20.615528128088304 7.211102550927978 20.615528128088304 
frameColorW192.jpg 18.384776310850235 20.615528128088304 3.605551275463989 20.615528128088304 
frameColorW194.jpg 19.697715603592208 20.615528128088304 6.082762530298219 20.615528128088304 
frameColorW196.jpg 18.384776310850235 20.615528128088304 4.123105625617661 20.615528128088304 
frameColorW198.jpg 22.847319317591726 20.615528128088304 5.0990195135927845 20.615528128088304 
frameColorW2.jpg 21.18962010041709 8.06225774829855 6.324555320336759 20.615528128088304 
frameColorW20.jpg 20.615528128088304 15.231546211727817 0.0 20.615528128088304 
frameColorW200.jpg 21.540659228538015 15.231546211727817 4.242640687119285 20.615528128088304 
frameColorW202.jpg 22.47220505424423 15.231546211727817 6.4031242374328485 20.615528128088304 
frameColorW204.jpg 24.331050121192877 15.231546211727817 8.06225774829855 20.615528128088304 
frameColorW206.jpg 19.72308292331602 15.231546211727817 6.324555320336759 20.615528128088304 
frameColorW208.jpg 41.6293165929973 15.231546211727817 4.47213595499958 20.615528128088304 
frameColorW210.jpg 22.80350850198276 15.231546211727817 12.165525060596439 20.615528128088304 
frameColorW212.jpg 20.248456731316587 15.231546211727817 4.47213595499958 20.615528128088304 
frameColorW214.jpg 17.029386365926403 15.231546211727817 6.324555320336759 20.615528128088304 
frameColorW216.jpg 22.20360331117452 15.231546211727817 8.0 20.615528128088304 
frameColorW218.jpg 20.0 15.231546211727817 5.0990195135927845 20.615528128088304 
frameColorW22.jpg 25.632011235952593 10.0 5.0990195135927845 20.615528128088304 
frameColorW220.jpg 21.2602916254693 13.038404810405298 8.06225774829855 20.615528128088304 
frameColorW222.jpg 15.556349186104045 14.866068747318506 6.708203932499369 20.615528128088304 
frameColorW224.jpg 82.56512580987206 13.45362404707371 4.47213595499958 20.615528128088304 
frameColorW226.jpg 22.02271554554524 14.317821063276353 5.0 20.615528128088304 
frameColorW228.jpg 19.79898987322333 16.401219466856727 7.280109889280518 20.615528128088304 
frameColorW230.jpg 24.839484696748443 16.401219466856727 10.04987562112089 20.615528128088304 
frameColorW232.jpg 26.40075756488817 16.401219466856727 10.198039027185569 20.615528128088304 
frameColorW234.jpg 25.0 16.401219466856727 7.0 20.615528128088304 
frameColorW236.jpg 23.853720883753127 16.401219466856727 7.615773105863909 20.615528128088304 
frameColorW238.jpg 25.0 16.401219466856727 10.198039027185569 20.615528128088304 
frameColorW24.jpg 26.248809496813376 17.46424919657298 6.4031242374328485 20.615528128088304 
frameColorW240.jpg 19.6468827043885 17.46424919657298 8.94427190999916 20.615528128088304 
frameColorW242.jpg 18.439088914585774 17.46424919657298 9.219544457292887 20.615528128088304 
frameColorW244.jpg 16.55294535724685 26.870057685088806 3.605551275463989 20.615528128088304 
frameColorW246.jpg 18.384776310850235 29.698484809834994 6.0 20.615528128088304 
frameColorW248.jpg 17.4928556845359 33.28663395418648 4.0 20.615528128088304 
frameColorW250.jpg 15.231546211727817 26.90724809414742 5.0 20.615528128088304 
frameColorW252.jpg 13.341664064126334 23.323807579381203 6.708203932499369 20.615528128088304 
frameColorW254.jpg 17.0 18.973665961010276 6.324555320336759 20.615528128088304 
frameColorW256.jpg 461.619973571335 5.830951894845301 6.4031242374328485 20.615528128088304 
frameColorW258.jpg 19.72308292331602 13.92838827718412 6.0 20.615528128088304 
frameColorW26.jpg 25.632011235952593 21.095023109728988 3.1622776601683795 20.615528128088304 
frameColorW260.jpg 14.317821063276353 19.1049731745428 6.4031242374328485 20.615528128088304 
frameColorW262.jpg 17.46424919657298 18.601075237738275 5.0 20.615528128088304 
frameColorW264.jpg 16.64331697709324 19.209372712298546 1.4142135623730951 20.615528128088304 
frameColorW266.jpg 20.248456731316587 14.866068747318506 7.0 20.615528128088304 
frameColorW268.jpg 21.400934559032695 21.95449840010015 4.47213595499958 20.615528128088304 
frameColorW270.jpg 20.808652046684813 18.384776310850235 5.0 20.615528128088304 
frameColorW272.jpg 20.808652046684813 15.652475842498529 4.123105625617661 20.615528128088304 
frameColorW274.jpg 23.323807579381203 15.652475842498529 6.324555320336759 20.615528128088304 
frameColorW276.jpg 22.47220505424423 15.652475842498529 4.47213595499958 20.615528128088304 
frameColorW278.jpg 25.0 15.652475842498529 2.8284271247461903 20.615528128088304 
frameColorW28.jpg 25.298221281347036 14.7648230602334 8.602325267042627 20.615528128088304 
frameColorW280.jpg 31.240998703626616 14.7648230602334 14.317821063276353 20.615528128088304 
frameColorW282.jpg 23.430749027719962 25.0 4.0 20.615528128088304 
frameColorW284.jpg 25.553864678361276 14.317821063276353 5.385164807134504 20.615528128088304 
frameColorW286.jpg 26.248809496813376 12.041594578792296 8.94427190999916 20.615528128088304 
frameColorW288.jpg 24.839484696748443 13.152946437965905 6.4031242374328485 20.615528128088304 
frameColorW290.jpg 24.20743687382041 14.317821063276353 6.4031242374328485 20.615528128088304 
frameColorW292.jpg 26.1725046566048 12.041594578792296 8.94427190999916 20.615528128088304 
frameColorW294.jpg 23.345235059857504 15.0 7.0710678118654755 9.219544457292887 
frameColorW296.jpg 23.345235059857504 13.038404810405298 4.47213595499958 9.219544457292887 
frameColorW298.jpg 24.839484696748443 7.280109889280518 3.0 9.219544457292887 
frameColorW30.jpg 22.847319317591726 11.40175425099138 2.0 9.219544457292887 
frameColorW300.jpg 28.284271247461902 13.0 9.433981132056603 9.219544457292887 
frameColorW302.jpg 28.600699292150182 10.0 9.219544457292887 9.219544457292887 
frameColorW304.jpg 30.23243291566195 25.298221281347036 9.433981132056603 9.486832980505138 
frameColorW306.jpg 24.698178070456937 7.0710678118654755 3.1622776601683795 9.486832980505138 
frameColorW308.jpg 25.612496949731394 16.76305461424021 9.486832980505138 9.486832980505138 
frameColorW310.jpg 28.30194339616981 12.165525060596439 7.810249675906654 9.486832980505138 
frameColorW312.jpg 27.294688127912362 12.165525060596439 5.0 9.486832980505138 
frameColorW314.jpg 25.079872407968907 13.038404810405298 4.123105625617661 7.810249675906654 
frameColorW316.jpg 24.698178070456937 18.384776310850235 4.0 2.0 
frameColorW318.jpg 29.68164415931166 12.041594578792296 9.899494936611665 2.0 
frameColorW32.jpg 25.96150997149434 1.4142135623730951 5.656854249492381 2.0 
frameColorW320.jpg 38.18376618407357 14.142135623730951 4.242640687119285 4.123105625617661 
frameColorW322.jpg 26.92582403567252 12.041594578792296 6.0 1.4142135623730951 
frameColorW324.jpg 36.40054944640259 14.0 4.47213595499958 4.47213595499958 
frameColorW326.jpg 28.635642126552707 27.018512172212592 7.810249675906654 3.0 
frameColorW328.jpg 42.20189569201838 21.18962010041709 4.123105625617661 5.0990195135927845 
frameColorW330.jpg 39.824615503479755 15.297058540778355 2.23606797749979 5.0990195135927845 
frameColorW332.jpg 36.40054944640259 14.560219778561036 1.0 5.0990195135927845 
frameColorW334.jpg 24.351591323771842 17.029386365926403 6.0 5.0990195135927845 
frameColorW336.jpg 39.44616584663204 12.041594578792296 6.4031242374328485 5.0990195135927845 
frameColorW338.jpg 38.58756276314948 14.035668847618199 2.8284271247461903 5.0990195135927845 
frameColorW34.jpg 20.248456731316587 7.211102550927978 7.0710678118654755 5.0990195135927845 
frameColorW340.jpg 27.784887978899608 12.0 9.848857801796104 5.0990195135927845 
frameColorW342.jpg 21.93171219946131 13.601470508735444 5.830951894845301 7.615773105863909 
frameColorW344.jpg 23.769728648009426 9.055385138137417 2.23606797749979 7.0710678118654755 
frameColorW346.jpg 25.495097567963924 8.06225774829855 2.23606797749979 7.0710678118654755 
frameColorW348.jpg 27.51363298439521 8.06225774829855 3.1622776601683795 8.246211251235321 
frameColorW350.jpg 25.317977802344327 8.54400374531753 5.385164807134504 8.246211251235321 
frameColorW352.jpg 22.847319317591726 11.180339887498949 4.0 8.246211251235321 
frameColorW354.jpg 25.632011235952593 9.219544457292887 7.810249675906654 8.246211251235321 
frameColorW356.jpg 21.93171219946131 11.704699910719626 5.0 8.246211251235321 
frameColorW358.jpg 34.438350715445125 10.770329614269007 2.8284271247461903 8.246211251235321 
frameColorW36.jpg 16.1245154965971 3.1622776601683795 6.082762530298219 8.246211251235321 
frameColorW38.jpg 21.540659228538015 7.810249675906654 7.615773105863909 8.246211251235321 
frameColorW4.jpg 27.730849247724095 3.605551275463989 3.1622776601683795 8.246211251235321 
frameColorW40.jpg 19.235384061671343 8.48528137423857 3.0 8.246211251235321 
frameColorW42.jpg 27.784887978899608 5.0 14.142135623730951 7.211102550927978 
frameColorW44.jpg 18.867962264113206 3.605551275463989 9.219544457292887 4.47213595499958 
frameColorW46.jpg 18.35755975068582 5.0 5.0990195135927845 4.47213595499958 
frameColorW48.jpg 22.47220505424423 3.605551275463989 7.0710678118654755 4.47213595499958 
frameColorW50.jpg 20.0 2.23606797749979 7.280109889280518 4.47213595499958 
frameColorW52.jpg 19.72308292331602 5.0 8.06225774829855 14.422205101855956 
frameColorW54.jpg 20.248456731316587 7.211102550927978 7.211102550927978 10.0 
frameColorW56.jpg 20.248456731316587 6.4031242374328485 9.486832980505138 10.0 
frameColorW58.jpg 21.095023109728988 4.242640687119285 6.324555320336759 10.0 
frameColorW6.jpg 23.706539182259394 8.06225774829855 3.605551275463989 10.0 
frameColorW60.jpg 18.601075237738275 2.8284271247461903 6.082762530298219 10.0 
frameColorW62.jpg 15.0 1.4142135623730951 3.1622776601683795 10.0 
frameColorW64.jpg 21.93171219946131 3.605551275463989 9.0 13.601470508735444 
frameColorW66.jpg 21.213203435596427 2.23606797749979 7.0710678118654755 13.601470508735444 
frameColorW68.jpg 23.345235059857504 1.0 8.94427190999916 13.601470508735444 
frameColorW70.jpg 19.697715603592208 4.0 7.615773105863909 13.601470508735444 
frameColorW72.jpg 20.808652046684813 2.23606797749979 10.198039027185569 13.601470508735444 
frameColorW74.jpg 16.64331697709324 5.830951894845301 5.0 13.601470508735444 
frameColorW76.jpg 21.633307652783937 1.4142135623730951 10.770329614269007 13.601470508735444 
frameColorW78.jpg 19.72308292331602 1.4142135623730951 7.0 13.601470508735444 
frameColorW8.jpg 22.47220505424423 11.180339887498949 5.656854249492381 13.601470508735444 
frameColorW80.jpg 22.20360331117452 4.47213595499958 12.529964086141668 13.601470508735444 
frameColorW82.jpg 18.027756377319946 8.602325267042627 6.324555320336759 13.601470508735444 
frameColorW84.jpg 15.652475842498529 6.708203932499369 8.246211251235321 13.601470508735444 
frameColorW86.jpg 15.0 8.94427190999916 7.0710678118654755 13.601470508735444 
frameColorW88.jpg 17.4928556845359 10.770329614269007 7.0710678118654755 13.601470508735444 
frameColorW90.jpg 34.785054261852174 12.165525060596439 4.123105625617661 13.601470508735444 
frameColorW92.jpg 22.360679774997898 9.848857801796104 10.198039027185569 13.601470508735444 
frameColorW94.jpg 17.88854381999832 8.602325267042627 9.0 13.601470508735444 
frameColorW96.jpg 14.866068747318506 10.44030650891055 7.615773105863909 13.601470508735444 
frameColorW98.jpg 21.93171219946131 8.246211251235321 14.317821063276353 13.601470508735444 
frameW0.jpg 64.19501538281614 8.246211251235321 2.0 13.601470508735444 
